   -1.886984642521626        -1.480661437649646       -0.5330932532226870      
  -0.4300505995189493       -8.7807408387985772E-002  -5.2593383799344015E-002
   -1.480661437649646         1.612865913378116        -1.254972367629429      
   0.2248402635000337       -0.2213989216016257        2.1772875993254982E-002
  -0.5330932532226871        -1.254972367629429       -0.2268074709131472      
   -1.851794425016044       -4.4895610224147800E-002  -0.2343611879952496     
  -0.4300505995189493        0.2248402635000338        -1.851794425016044      
   7.5230765351399717E-004   -1.991419120510551       -1.0826585023962946E-002
  -8.7807408387985772E-002  -0.2213989216016258       -4.4895610224147800E-002 
   -1.991419120510551       -2.8784669463827038E-002   -2.106549418504108     
  -5.2593383799343932E-002   2.1772875993254986E-002  -0.2343611879952494      
  -1.0826585023962939E-002   -2.106549418504108       -4.2773818547528616E-003
