            1    31.36700290505637     
            2    35.41411078191344     
            3    37.43133630624705     
            4    38.86043419354086     
            5    40.04242484600983     
            6    41.09294006942821     
            7    42.06265360412142     
            8    42.97694890366832     
            9    43.84897310199169     
           10    44.68466789414583     
           11    45.48540871598811     
           12    46.25050965245686     
           13    46.97967489313729     
           14    47.67427611799932     
           15    48.33715955924846     
           16    48.97178772526167     
           17    49.58150818752390     
           18    50.16920408786678     
           19    50.73724049933531     
           20    51.28754475770418     
           21    51.82171428372852     
           22    52.34111767588322     
           23    52.84698232598202     
           24    53.34045397986951     
           25    53.82261310672391     
           26    54.29445205536519     
           27    54.75683627740305     
           28    55.21047574113195     
           29    55.65592020054145     
           30    56.09357575240865     
           31    56.52373149922567     
           32    56.94658664262787     
           33    57.36227362766939     
           34    57.77087601409450     
           35    58.17244014788627     
           36    58.56698048372739     
           37    58.95448140072048     
           38    59.33490131882036     
           39    59.70818376368473     
           40    60.07427437645654     
           41    60.43313773021563     
           42    60.78476806867024     
           43    61.12919267585608     
           44    61.46647024959378     
           45    61.79668656255687     
           46    62.11994805486653     
           47    62.43637395112314     
           48    62.74608891807891     
           49    63.04921876929834     
           50    63.34589014848636     
           51    63.63623282187715     
           52    63.92038213300664     
           53    64.19847986891060     
           54    64.47067329248549     
           55    64.73711318867470     
           56    64.99795196362565     
           57    65.25334240682005     
           58    65.50343719283106     
           59    65.74838887661952     
           60    65.98835004724593     
           61    66.22347333924220     
           62    66.45391107883356     
           63    66.67981445295112     
           64    66.90133223655180     
           65    67.11860926842664     
           66    67.33178496850785     
           67    67.54099219579720     
           68    67.74635665482579     
           69    67.94799690876803     
           70    68.14602490859129     
           71    68.34054684567832     
           72    68.53166410171644     
           73    68.71947410028328     
           74    68.90407093571844     
           75    69.08554573889111     
           76    69.26398681121424     
           77    69.43947960138995     
           78    69.61210661182304     
           79    69.78194730858579     
           80    69.94907808226982     
           81    70.11357227889268     
           82    70.27550029669405     
           83    70.43492973207964     
           84    70.59192555257619     
           85    70.74655027677152     
           86    70.89886414597815     
           87    71.04892527863444     
           88    71.19678980398521     
           89    71.34251197561605     
           90    71.48614426841048     
           91    71.62773746335822     
           92    71.76734072457359     
           93    71.90500167221670     
           94    72.04076645365906     
           95    72.17467981395635     
           96    72.30678516582708     
           97    72.43712465840538     
           98    72.56573924381267     
           99    72.69266874056790     
          100    72.81795189270849     
          101    72.94162642419214     
          102    73.06372908789889     
          103    73.18429570953542     
          104    73.30336122632652     
          105    73.42095972105608     
          106    73.53712445176495     
          107    73.65188787790169     
          108    73.76528168311383     
          109    73.87733679532769     
          110    73.98808340456610     
          111    74.09755097863379     
          112    74.20576827712424     
          113    74.31276336381677     
          114    74.41856361775773     
          115    74.52319574309821     
          116    74.62668577789280     
          117    74.72905910207265     
          118    74.83034044472031     
          119    74.93055389098178     
          120    75.02972288873370     
          121    75.12787025545866     
          122    75.22501818533406     
          123    75.32118825708277     
          124    75.41640144247583     
          125    75.51067811585489     
          126    75.60403806474238     
          127    75.69650050137838     
          128    75.78808407541560     
          129    75.87880688743243     
          130    75.96868650320270     
          131    76.05773996856399     
          132    76.14598382457631     
          133    76.23343412281652     
          134    76.32010644066720     
          135    76.40601589625126     
          136    76.49117716307764     
          137    76.57560448414115     
          138    76.65931168549317     
          139    76.74231218921589     
          140    76.82461902579863     
          141    76.90624484602812     
          142    76.98720193232872     
          143    77.06750220965030     
          144    77.14715725602758     
          145    77.22617831278387     
          146    77.30457629453151     
          147    77.38236179887473     
          148    77.45954511604157     
          149    77.53613623829376     
          150    77.61214486927895     
          151    77.68758043317115     
          152    77.76245208383075     
          153    77.83676871364131     
          154    77.91053896240770     
          155    77.98377122594752     
          156    78.05647366459993     
          157    78.12865421151649     
          158    78.20032058071790     
          159    78.27148027503117     
          160    78.34214059365428     
          161    78.41230863960175     
          162    78.48199132687756     
          163    78.55119538731073     
          164    78.61992737727418     
          165    78.68819368395211     
          166    78.75600053158054     
          167    78.82335398714234     
          168    78.89025996610110     
          169    78.95672423761499     
          170    79.02275242969971     
          171    79.08835003398222     
          172    79.15352241036322     
          173    79.21827479138518     
          174    79.28261228634508     
          175    79.34653988530222     
          176    79.41006246281002     
          177    79.47318478149056     
          178    79.53591149545886     
          179    79.59824715357182     
          180    79.66019620250458     
          181    79.72176298977188     
          182    79.78295176653988     
          183    79.84376669035017     
          184    79.90421182777560     
          185    79.96429115693047     
          186    80.02400856992207     
          187    80.08336787521701     
          188    80.14237279993264     
          189    80.20102699205157     
          190    80.25933402259609     
          191    80.31729738770758     
          192    80.37492051070056     
          193    80.43220674410318     
          194    80.48915937149272     
          195    80.54578160949350     
          196    80.60207660961571     
          197    80.65804745997735     
          198    80.71369718716666     
          199    80.76902875793677     
          200    80.82404508083371     
          201    80.87874900791606     
          202    80.93314333632411     
          203    80.98723080978910     
          204    81.04101412025716     
          205    81.09449590928092     
          206    81.14767876953104     
          207    81.20056524617475     
          208    81.25315783824946     
          209    81.30545900004552     
          210    81.35747114234225     
          211    81.40919663373384     
          212    81.46063780188187     
          213    81.51179693464024     
          214    81.56267628133160     
          215    81.61327805383235     
          216    81.66360442768332     
          217    81.71365754321596     
          218    81.76343950660254     
          219    81.81295239085291     
          220    81.86219823686811     
          221    81.91117905436658     
          222    81.95989682291987     
          223    82.00835349280095     
          224    82.05655098594191     
          225    82.10449119681471     
          226    82.15217599327002     
          227    82.19960721741847     
          228    82.24678668640618     
          229    82.29371619326410     
          230    82.34039750767046     
          231    82.38683237670662     
          232    82.43302252558841     
          233    82.47896965843501     
          234    82.52467545889732     
          235    82.57014159096985     
          236    82.61536969953049     
          237    82.66036141105829     
          238    82.70511833427916     
          239    82.74964206074293     
          240    82.79393416546461     
          241    82.83799620746490     
          242    82.88182973040043     
          243    82.92543626302280     
          244    82.96881731977886     
          245    83.01197440134968     
          246    83.05490899504522     
          247    83.09762257539140     
          248    83.14011660452866     
          249    83.18239253269746     
          250    83.22445179866629     
          251    83.26629583011963     
          252    83.30792604407957     
          253    83.34934384727430     
          254    83.39055063651658     
          255    83.43154779903735     
          256    83.47233671282541     
          257    83.51291874691753     
          258    83.55329526175585     
          259    83.59346760940383     
          260    83.63343713383797     
          261    83.67320517121870     
          262    83.71277305008960     
          263    83.75214209161373     
          264    83.79131360975740     
          265    83.83028891155175     
          266    83.86906929713770     
          267    83.90765606005141     
          268    83.94605048728950     
          269    83.98425385949150     
          270    84.02226745099884     
          271    84.06009253003801     
          272    84.09773035875581     
          273    84.13518219330362     
          274    84.17244928394410     
          275    84.20953287507592     
          276    84.24643420530566     
          277    84.28315450746756     
          278    84.31969500864713     
          279    84.35605693023889     
          280    84.39224148793329     
          281    84.42824989167590     
          282    84.46408334577384     
          283    84.49974304877242     
          284    84.53523019350209     
          285    84.57054596700958     
          286    84.60569155062811     
          287    84.64066811979349     
          288    84.67547684411846     
          289    84.71011888733952     
          290    84.74459540721806     
          291    84.77890755555623     
          292    84.81305647807658     
          293    84.84704331443409     
          294    84.88086919816178     
          295    84.91453525650441     
          296    84.94804261054398     
          297    84.98139237497740     
          298    85.01458565815325     
          299    85.04762356197990     
          300    85.08050718186533     
          301    85.11323760667219     
          302    85.14581591867429     
          303    85.17824319346474     
          304    85.21052049992630     
          305    85.24264890016634     
          306    85.27462944949706     
          307    85.30646319635190     
          308    85.33815118224737     
          309    85.36969444172939     
          310    85.40109400236140     
          311    85.43235088467517     
          312    85.46346610208020     
          313    85.49444066092128     
          314    85.52527556034238     
          315    85.55597179235347     
          316    85.58653034172595     
          317    85.61695218601294     
          318    85.64723829550235     
          319    85.67738963321681     
          320    85.70740715488793     
          321    85.73729180891966     
          322    85.76704453641497     
          323    85.79666627113374     
          324    85.82615793951305     
          325    85.85552046064080     
          326    85.88475474624873     
          327    85.91386170075438     
          328    85.94284222119751     
          329    85.97169719733978     
          330    86.00042751155428     
          331    86.02903403893197     
          332    86.05751764725437     
          333    86.08587919702644     
          334    86.11411954144347     
          335    86.14223952647218     
          336    86.17023999086094     
          337    86.19812176609433     
          338    86.22588567651685     
          339    86.25353253931794     
          340    86.28106316451395     
          341    86.30847835504379     
          342    86.33577890680188     
          343    86.36296560858294     
          344    86.39003924224440     
          345    86.41700058264850     
          346    86.44385039773475     
          347    86.47058944855104     
          348    86.49721848931443     
          349    86.52373826743501     
          350    86.55014952355154     
          351    86.57645299159994     
          352    86.60264939884068     
          353    86.62873946592201     
          354    86.65472390690560     
          355    86.68060342933731     
          356    86.70637873428004     
          357    86.73205051640058     
          358    86.75761946394859     
          359    86.78308625889423     
          360    86.80845157694203     
          361    86.83371608755624     
          362    86.85888045406148     
          363    86.88394533368810     
          364    86.90891137761531     
          365    86.93377923102460     
          366    86.95854953318702     
          367    86.98322291748175     
          368    87.00780001147493     
          369    87.03228143698112     
          370    87.05666781008748     
          371    87.08095974128327     
          372    87.10515783543043     
          373    87.12926269188237     
          374    87.15327490453303     
          375    87.17719506184118     
          376    87.20102374693309     
          377    87.22476153765571     
          378    87.24840900659997     
          379    87.27196672118586     
          380    87.29543524370236     
          381    87.31881513142204     
          382    87.34210693658309     
          383    87.36531120645398     
          384    87.38842848346013     
          385    87.41145930517068     
          386    87.43440420439363     
          387    87.45726370918221     
          388    87.48003834297981     
          389    87.50272862456076     
          390    87.52533506819606     
          391    87.54785818362230     
          392    87.57029847611452     
          393    87.59265644658633     
          394    87.61493259159262     
          395    87.63712740341400     
          396    87.65924137002689     
          397    87.68127497530286     
          398    87.70322869892780     
          399    87.72510301647367     
          400    87.74689839951147     
          401    87.76861531559655     
          402    87.79025422833890     
          403    87.81181559745551     
          404    87.83329987879586     
          405    87.85470752439736     
          406    87.87603898254586     
          407    87.89729469779466     
          408    87.91847511102964     
          409    87.93958065947858     
          410    87.96061177682411     
          411    87.98156889314130     
          412    88.00245243502283     
          413    88.02326282556606     
          414    88.04400048450158     
          415    88.06466582807690     
          416    88.08525926926131     
          417    88.10578121765656     
          418    88.12623207963935     
          419    88.14661225827142     
          420    88.16692215346045     
          421    88.18716216191848     
          422    88.20733267724549     
          423    88.22743408989135     
          424    88.24746678728420     
          425    88.26743115379603     
          426    88.28732757078110     
          427    88.30715641663910     
          428    88.32691806681466     
          429    88.34661289385748     
          430    88.36624126743131     
          431    88.38580355431704     
          432    88.40530011853413     
          433    88.42473132126013     
          434    88.44409752092255     
          435    88.46339907323451     
          436    88.48263633117516     
          437    88.50180964503703     
          438    88.52091936246259     
          439    88.53996582850706     
          440    88.55894938554287     
          441    88.57787037343499     
          442    88.59672912947022     
          443    88.61552598839566     
          444    88.63426128246310     
          445    88.65293534144951     
          446    88.67154849267335     
          447    88.69010106101317     
          448    88.70859336894550     
          449    88.72702573655621     
          450    88.74539848155077     
          451    88.76371191931518     
          452    88.78196636288746     
          453    88.80016212303937     
          454    88.81829950820999     
          455    88.83637882464016     
          456    88.85440037626343     
          457    88.87236446485313     
          458    88.89027138996232     
          459    88.90812144894646     
          460    88.92591493701950     
          461    88.94365214726746     
          462    88.96133337060535     
          463    88.97895889588014     
          464    88.99652900986538     
          465    89.01404399722634     
          466    89.03150414059706     
          467    89.04890972060880     
          468    89.06626101582134     
          469    89.08355830285618     
          470    89.10080185628537     
          471    89.11799194877283     
          472    89.13512885102760     
          473    89.15221283181448     
          474    89.16924415797213     
          475    89.18622309446926     
          476    89.20314990437845     
          477    89.22002484891736     
          478    89.23684818740404     
          479    89.25362017740409     
          480    89.27034107458041     
          481    89.28701113284636     
          482    89.30363060428569     
          483    89.32019973924767     
          484    89.33671878627885     
          485    89.35318799220437     
          486    89.36960760210575     
          487    89.38597785935642     
          488    89.40229900558792     
          489    89.41857128082069     
          490    89.43479492331372     
          491    89.45097016970622     
          492    89.46709725498768     
          493    89.48317641249827     
          494    89.49920787393445     
          495    89.51519186943942     
          496    89.53112862751040     
          497    89.54701837507125     
          498    89.56286133747986     
          499    89.57865773853804     
          500    89.59440780049104     
          501    89.61011174404571     
          502    89.62576978842132     
          503    89.64138215126140     
          504    89.65694904878056     
          505    89.67247069566788     
          506    89.68794730512231     
          507    89.70337908893750     
          508    89.71876625739864     
          509    89.73410901939391     
          510    89.74940758235182     
          511    89.76466215228410     
          512    89.77987293382942     
          513    89.79504013019236     
          514    89.81016394322322     
          515    89.82524457338322     
          516    89.84028221977650     
          517    89.85527708014841     
          518    89.87022935091514     
          519    89.88513922714844     
          520    89.90000690262163     
          521    89.91483256977709     
          522    89.92961641977007     
          523    89.94435864245055     
          524    89.95905942642351     
          525    89.97371895898435     
          526    89.98833742619487     
          527    90.00291501286455     
          528    90.01745190255009     
          529    90.03194827759367     
          530    90.04640431910833     
          531    90.06082020700917     
          532    90.07519611998646     
          533    90.08953223555346     
          534    90.10382873004603     
          535    90.11808577862882     
          536    90.13230355528439     
          537    90.14648223283827     
          538    90.16062198299321     
          539    90.17472297630812     
          540    90.18878538220655     
          541    90.20280936896717     
          542    90.21679510381510     
          543    90.23074275283358     
          544    90.24465248101691     
          545    90.25852445227014     
          546    90.27235882945934     
          547    90.28615577431567     
          548    90.29991544757378     
          549    90.31363800886290     
          550    90.32732361682267     
          551    90.34097242900118     
          552    90.35458460196499     
          553    90.36816029123325     
          554    90.38169965132901     
          555    90.39520283576077     
          556    90.40866999704753     
          557    90.42210128671111     
          558    90.43549685530724     
          559    90.44885685241161     
          560    90.46218142660713     
          561    90.47547072556834     
          562    90.48872489598368     
          563    90.50194408361770     
          564    90.51512843327785     
          565    90.52827808886119     
          566    90.54139319332572     
          567    90.55447388874313     
          568    90.56752031624113     
          569    90.58053261607513     
          570    90.59351092759648     
          571    90.60645538925893     
          572    90.61936613865895     
          573    90.63224331249657     
          574    90.64508704663876     
          575    90.65789747604967     
          576    90.67067473486838     
          577    90.68341895637363     
          578    90.69613027303566     
          579    90.70880881643522     
          580    90.72145471737075     
          581    90.73406810581727     
          582    90.74664911090261     
          583    90.75919786097877     
          584    90.77171448359177     
          585    90.78419910547771     
          586    90.79665185259125     
          587    90.80907285010868     
          588    90.82146222240371     
          589    90.83382009313831     
          590    90.84614658511745     
          591    90.85844182047170     
          592    90.87070592054070     
          593    90.88293900589726     
          594    90.89514119640738     
          595    90.90731261119134     
          596    90.91945336859494     
          597    90.93156358633114     
          598    90.94364338129817     
          599    90.95569286974700     
          600    90.96771216715327     
          601    90.97970138835862     
          602    90.99166064746559     
          603    91.00359005790682     
          604    91.01548973239751     
          605    91.02735978298824     
          606    91.03920032106610     
          607    91.05101145732115     
          608    91.06279330178563     
          609    91.07454596384960     
          610    91.08626955221682     
          611    91.09796417495571     
          612    91.10962993946180     
          613    91.12126695254662     
          614    91.13287532032847     
          615    91.14445514833851     
          616    91.15600654144087     
          617    91.16752960388465     
          618    91.17902443933991     
          619    91.19049115080696     
          620    91.20192984072875     
          621    91.21334061091230     
          622    91.22472356257502     
          623    91.23607879634905     
          624    91.24740641225590     
          625    91.25870650976657     
          626    91.26997918772825     
          627    91.28122454446009     
          628    91.29244267765320     
          629    91.30363368447347     
          630    91.31479766151826     
          631    91.32593470482169     
          632    91.33704490983652     
          633    91.34812837151539     
          634    91.35918518422496     
          635    91.37021544180386     
          636    91.38121923755145     
          637    91.39219666423973     
          638    91.40314781409920     
          639    91.41407277885008     
          640    91.42497164966804     
          641    91.43584451724671     
          642    91.44669147171672     
          643    91.45751260274420     
          644    91.46830799945313     
          645    91.47907775051127     
          646    91.48982194404304     
          647    91.50054066769496     
          648    91.51123400862846     
          649    91.52190205351117     
          650    91.53254488853018     
          651    91.54316259939166     
          652    91.55375527133305     
          653    91.56432298909313     
          654    91.57486583699679     
          655    91.58538389884680     
          656    91.59587725800129     
          657    91.60634599736626     
          658    91.61679019941469     
          659    91.62720994614176     
          660    91.63760531907927     
          661    91.64797639934216     
          662    91.65832326761266     
          663    91.66864600411910     
          664    91.67894468864640     
          665    91.68921940056124     
          666    91.69947021881822     
          667    91.70969722191516     
          668    91.71990048794993     
          669    91.73008009459325     
          670    91.74023611911535     
          671    91.75036863836303     
          672    91.76047772878455     
          673    91.77056346640829     
          674    91.78062592686570     
          675    91.79066518539678     
          676    91.80068131684395     
          677    91.81067439565248     
          678    91.82064449587916     
          679    91.83059169119144     
          680    91.84051605489107     
          681    91.85041765986651     
          682    91.86029657866149     
          683    91.87015288340655     
          684    91.87998664590488     
          685    91.88979793756226     
          686    91.89958682941896     
          687    91.90935339215824     
          688    91.91909769610093     
          689    91.92881981121371     
          690    91.93851980710222     
          691    91.94819775302258     
          692    91.95785371787899     
          693    91.96748777022334     
          694    91.97709997826365     
          695    91.98669040988209     
          696    91.99625913260125     
          697    92.00580621363021     
          698    92.01533171982511     
          699    92.02483571771762     
          700    92.03431827349493     
          701    92.04377945304412     
          702    92.05321932191812     
          703    92.06263794532494     
          704    92.07203538819533     
          705    92.08141171510846     
          706    92.09076699036987     
          707    92.10010127791837     
          708    92.10941464142464     
          709    92.11870714424633     
          710    92.12797884943411     
          711    92.13722981970530     
          712    92.14646011752535     
          713    92.15566980504897     
          714    92.16485894411362     
          715    92.17402759629289     
          716    92.18317582284521     
          717    92.19230368475610     
          718    92.20141124272382     
          719    92.21049855715438     
          720    92.21956568815857     
          721    92.22861269562695     
          722    92.23763963909366     
          723    92.24664657787505     
          724    92.25563357098792     
          725    92.26460067717147     
          726    92.27354795494524     
          727    92.28247546249861     
          728    92.29138325776378     
          729    92.30027139846609     
          730    92.30913994201431     
          731    92.31798894558112     
          732    92.32681846606710     
          733    92.33562856014407     
          734    92.34441928422132     
          735    92.35319069442009     
          736    92.36194284666681     
          737    92.37067579661672     
          738    92.37938959967450     
          739    92.38808431102770     
          740    92.39675998557442     
          741    92.40541667801162     
          742    92.41405444279870     
          743    92.42267333412059     
          744    92.43127340598748     
          745    92.43985471212672     
          746    92.44841730606407     
          747    92.45696124107711     
          748    92.46548657023715     
          749    92.47399334635878     
          750    92.48248162206774     
          751    92.49095144973064     
          752    92.49940288154855     
          753    92.50783596943961     
          754    92.51625076516224     
          755    92.52464732020711     
          756    92.53302568590934     
          757    92.54138591331757     
          758    92.54972805333972     
          759    92.55805215664856     
          760    92.56635827369493     
          761    92.57464645474062     
          762    92.58291674985651     
          763    92.59116920886655     
          764    92.59940388142780     
          765    92.60762081700680     
          766    92.61582006484912     
          767    92.62400167400664     
          768    92.63216569332299     
          769    92.64031217148980     
          770    92.64844115696908     
          771    92.65655269804016     
          772    92.66464684281196     
          773    92.67272363917995     
          774    92.68078313485924     
          775    92.68882537738601     
          776    92.69685041412177     
          777    92.70485829221154     
          778    92.71284905864560     
          779    92.72082276024507     
          780    92.72877944361942     
          781    92.73671915521766     
          782    92.74464194133481     
          783    92.75254784805108     
          784    92.76043692129997     
          785    92.76830920682178     
          786    92.77616475019768     
          787    92.78400359685726     
          788    92.79182579202759     
          789    92.79963138080065     
          790    92.80742040807169     
          791    92.81519291857961     
          792    92.82294895692588     
          793    92.83068856752654     
          794    92.83841179461081     
          795    92.84611868230530     
          796    92.85380927454355     
          797    92.86148361508714     
          798    92.86914174757423     
          799    92.87678371545516     
          800    92.88440956205820     
          801    92.89201933053953     
          802    92.89961306389823     
          803    92.90719080497767     
          804    92.91475259649360     
          805    92.92229848099502     
          806    92.92982850088710     
          807    92.93734269841937     
          808    92.94484111572336     
          809    92.95232379474288     
          810    92.95979077730762     
          811    92.96724210509090     
          812    92.97467781962591     
          813    92.98209796229703     
          814    92.98950257437389     
          815    92.99689169695789     
          816    93.00426537101617     
          817    93.01162363739991     
          818    93.01896653679186     
          819    93.02629410976240     
          820    93.03360639673653     
          821    93.04090343799075     
          822    93.04818527369828     
          823    93.05545194389585     
          824    93.06270348844902     
          825    93.06993994713689     
          826    93.07716135959632     
          827    93.08436776531602     
          828    93.09155920369341     
          829    93.09873571393717     
          830    93.10589733520654     
          831    93.11304410647038     
          832    93.12017606659680     
          833    93.12729325435268     
          834    93.13439570832153     
          835    93.14148346704333     
          836    93.14855656884707     
          837    93.15561505201725     
          838    93.16265895467667     
          839    93.16968831483472     
          840    93.17670317038412     
          841    93.18370355909971     
          842    93.19068951862332     
          843    93.19766108650880     
          844    93.20461830017446     
          845    93.21156119692114     
          846    93.21848981393212     
          847    93.22540418828568     
          848    93.23230435694430     
          849    93.23919035677157     
          850    93.24606222448556     
          851    93.25291999671120     
          852    93.25976370995068     
          853    93.26659340060674     
          854    93.27340910498359     
          855    93.28021085924406     
          856    93.28699869946993     
          857    93.29377266161261     
          858    93.30053278153908     
          859    93.30727909499485     
          860    93.31401163761453     
          861    93.32073044492924     
          862    93.32743555236382     
          863    93.33412699526261     
          864    93.34080480883017     
          865    93.34746902817005     
          866    93.35411968831660     
          867    93.36075682416242     
          868    93.36738047051247     
          869    93.37399066207396     
          870    93.38058743345773     
          871    93.38717081915885     
          872    93.39374085356702     
          873    93.40029757099964     
          874    93.40684100564421     
          875    93.41337119161813     
          876    93.41988816292088     
          877    93.42639195345124     
          878    93.43288259702338     
          879    93.43936012735193     
          880    93.44582457803608     
          881    93.45227598262152     
          882    93.45871437449874     
          883    93.46513978701036     
          884    93.47155225341110     
          885    93.47795180680566     
          886    93.48433848025117     
          887    93.49071230670017     
          888    93.49707331901216     
          889    93.50342154994077     
          890    93.50975703215961     
          891    93.51607979826406     
          892    93.52238988072402     
          893    93.52868731196058     
          894    93.53497212425495     
          895    93.54124434983024     
          896    93.54750402082178     
          897    93.55375116926420     
          898    93.55998582708764     
          899    93.56620802617439     
          900    93.57241779828020     
          901    93.57861517509517     
          902    93.58480018820150     
          903    93.59097286911114     
          904    93.59713324925136     
          905    93.60328135994997     
          906    93.60941723243556     
          907    93.61554089789081     
          908    93.62165238738325     
          909    93.62775173189343     
          910    93.63383896233145     
          911    93.63991410951587     
          912    93.64597720418436     
          913    93.65202827697124     
          914    93.65806735846337     
          915    93.66409447913917     
          916    93.67010966939269     
          917    93.67611295951525     
          918    93.68210437978148     
          919    93.68808396032503     
          920    93.69405173122566     
          921    93.70000772246409     
          922    93.70595196392522     
          923    93.71188448547983     
          924    93.71780531682452     
          925    93.72371448763302     
          926    93.72961202752435     
          927    93.73549796595798     
          928    93.74137233238591     
          929    93.74723515613670     
          930    93.75308646647986     
          931    93.75892629260105     
          932    93.76475466361306     
          933    93.77057160852618     
          934    93.77637715630942     
          935    93.78217133581290     
          936    93.78795417585776     
          937    93.79372570514646     
          938    93.79948595232368     
          939    93.80523494594134     
          940    93.81097271449660     
          941    93.81669928640103     
          942    93.82241468996642     
          943    93.82811895348520     
          944    93.83381210511710     
          945    93.83949417295833     
          946    93.84516518507048     
          947    93.85082516937045     
          948    93.85647415376913     
          949    93.86211216606407     
          950    93.86773923398975     
          951    93.87335538519609     
          952    93.87896064726746     
          953    93.88455504773580     
          954    93.89013861399560     
          955    93.89571137344636     
          956    93.90127335335967     
          957    93.90682458095276     
          958    93.91236508338172     
          959    93.91789488772565     
          960    93.92341402096240     
          961    93.92892251001422     
          962    93.93442038177827     
          963    93.93990766298947     
          964    93.94538438039874     
          965    93.95085056061208     
          966    93.95630623023895     
          967    93.96175141575287     
          968    93.96718614358454     
          969    93.97261044009952     
          970    93.97802433158530     
          971    93.98342784427005     
          972    93.98882100428227     
          973    93.99420383770355     
          974    93.99957637056950     
          975    94.00493862878135     
          976    94.01029063822615     
          977    94.01563242471349     
          978    94.02096401397927     
          979    94.02628543166941     
          980    94.03159670339066     
          981    94.03689785467286     
          982    94.04218891096954     
          983    94.04746989767015     
          984    94.05274084011990     
          985    94.05800176355702     
          986    94.06325269316238     
          987    94.06849365409116     
          988    94.07372467136037     
          989    94.07894576998207     
          990    94.08415697486495     
          991    94.08935831088000     
          992    94.09454980280658     
          993    94.09973147536084     
          994    94.10490335321688     
          995    94.11006546096429     
          996    94.11521782310375     
          997    94.12036046412446     
          998    94.12549340840755     
          999    94.13061668029022     
         1000    94.13573030402162     
