    6.085490812500000     
    6.012802941662252     
    5.940617331648003     
    5.868931949018247     
    5.797744764083999     
    5.727053750906250     
    5.656856887296003     
    5.587152154814248     
    5.517937538772000     
    5.449211028230250     
    5.380970616000003     
    5.313214298642246     
    5.245940076467999     
    5.179145953538249     
    5.112829937664004     
    5.046990040406246     
    4.981624277076000     
    4.916730666734249     
    4.852307232192002     
    4.788352000010247     
    4.724863000500000     
    4.661838267722252     
    4.599275839488001     
    4.537173757358247     
    4.475530066643998     
    4.414342816406250     
    4.353610059456002     
    4.293329852354252     
    4.233500255411998     
    4.174119332690249     
    4.115185152000001     
    4.056695784902252     
    3.998649306707997     
    3.941043796478250     
    3.883877337024001     
    3.827148014906253     
    3.770853920435998     
    3.714993147674249     
    3.659563794432000     
    3.604563962270251     
    3.549991756499998     
    3.495845286182250     
    3.442122664128000     
    3.388822006898252     
    3.335941434803998     
    3.283479071906249     
    3.231433046016000     
    3.179801488694250     
    3.128582535251998     
    3.077774324750248     
    3.027375000000000     
    2.977382707562250     
    2.927795597748001     
    2.878611824618248     
    2.829829545984000     
    2.781446923406250     
    2.733462122195997     
    2.685873311414247     
    2.638678663872000     
    2.591876356130250     
    2.545464568500002     
    2.499441485042248     
    2.453805293567999     
    2.408554185638252     
    2.363686356564001     
    2.319200005406248     
    2.275093334975999     
    2.231364551834250     
    2.188011866292000     
    2.145033492410247     
    2.102427648000000     
    2.060192554622250     
    2.018326437588000     
    1.976827525958248     
    1.935694052544000     
    1.894924253906250     
    1.854516370356000     
    1.814468645954252     
    1.774779328511999     
    1.735446669590250     
    1.696468924500002     
    1.657844352302248     
    1.619571215807999     
    1.581647781578249     
    1.544072319924001     
    1.506843104906251     
    1.469958414335999     
    1.433416529774249     
    1.397215736532000     
    1.361354323670251     
    1.325830583999999     
    1.290642814082249     
    1.255789314228000     
    1.221268388498251     
    1.187078344703999     
    1.153217494406248     
    1.119684152916000     
    1.086476639294250     
    1.053593276351998     
    1.021032390650250     
   0.9887923125000000     
   0.9568713759622514     
   0.9252679188480006     
   0.8939802827182495     
   0.8630068128840005     
   0.8323458584062506     
   0.8019957720959983     
   0.7719549105142487     
   0.7422216339720005     
   0.7127943065302502     
   0.6836712960000008     
   0.6548509739422493     
   0.6263317156679999     
   0.5981119002382503     
   0.5701899104639987     
   0.5425641329062483     
   0.5152329578759994     
   0.4881947794342494     
   0.4614479953920008     
   0.4349910073102513     
   0.4088222204999999     
   0.3829400440222502     
   0.3573428906879999     
   0.3320291770582490     
   0.3069973234439992     
   0.2822457539062500     
   0.2577728962560005     
   0.2335771820542511     
   0.2096570466119995     
   0.1860109289902498     
   0.1626372719999998     
   0.1395345222022493     
   0.1167011299079987     
   9.4135549178249511E-002
   7.1836237824000337E-002
   4.9801657406251310E-002
   2.8030273235999270E-002
   6.5205543742499206E-003
  -1.4729026368000164E-002
  -3.5719992429751324E-002
  -5.6453863500000590E-002
  -7.6932155517750234E-002
  -9.7156380672000053E-002
  -0.1171280474017493     
  -0.1368486603959995     
  -0.1563197205937502     
  -0.1755427251839999     
  -0.1945191676057494     
  -0.2132505375480014     
  -0.2317383209497503     
  -0.2499840000000000     
  -0.2679890531377496     
  -0.2857549550520000     
  -0.3032831766817504     
  -0.3205751852160001     
  -0.3376324440937498     
  -0.3544564130040001     
  -0.3710485478857507     
  -0.3874103009280001     
  -0.4035431205697496     
  -0.4194484515000002     
  -0.4351277346577507     
  -0.4505824072320001     
  -0.4658139026617500     
  -0.4808236506360003     
  -0.4956130770937505     
  -0.5101836042240000     
  -0.5245366504657498     
  -0.5386736305079997     
  -0.5525959552897499     
  -0.5663050319999999     
  -0.5798022640777498     
  -0.5930890512120000     
  -0.6061667893417499     
  -0.6190368706560000     
  -0.6317006835937500     
  -0.6441596128439997     
  -0.6564150393457501     
  -0.6684683402880005     
  -0.6803208891097501     
  -0.6919740554999999     
  -0.7034292053977500     
  -0.7146877009920003     
  -0.7257509007217503     
  -0.7366201592759998     
  -0.7472968275937502     
  -0.7577822528640006     
  -0.7680777785257498     
  -0.7781847442679999     
  -0.7881044860297500     
  -0.7978383360000005     
  -0.8073876226177501     
  -0.8167536705720000     
  -0.8259378008017496     
  -0.8349413304959997     
  -0.8437655730937499     
  -0.8524118382840000     
  -0.8608814320057496     
  -0.8691756564479999     
  -0.8772958100497503     
  -0.8852431875000000     
  -0.8930190797377501     
  -0.9006247739519999     
  -0.9080615535817503     
  -0.9153306983160001     
  -0.9224334840937498     
  -0.9293711831040002     
  -0.9361450637857498     
  -0.9427563908279999     
  -0.9492064251697497     
  -0.9554964240000001     
  -0.9616276407577499     
  -0.9676013251320004     
  -0.9734187230617500     
  -0.9790810767360001     
  -0.9845896245937500     
  -0.9899456013240001     
  -0.9951502378657499     
   -1.000204761408000     
   -1.005110395389750     
   -1.009868359500000     
   -1.014479869677750     
   -1.018946138112000     
   -1.023268373241750     
   -1.027447779756000     
   -1.031485558593750     
   -1.035382906944000     
   -1.039141018245750     
   -1.042761082188000     
   -1.046244284709750     
   -1.049591808000000     
   -1.052804830497750     
   -1.055884526892000     
   -1.058832068121750     
   -1.061648621376000     
   -1.064335350093750     
   -1.066893413964000     
   -1.069323968925750     
   -1.071628167168000     
   -1.073807157129750     
   -1.075862083500000     
   -1.077794087217750     
   -1.079604305472000     
   -1.081293871701750     
   -1.082863915596000     
   -1.084315563093750     
   -1.085649936384000     
   -1.086868153905750     
   -1.087971330348000     
   -1.088960576649750     
   -1.089837000000000     
   -1.090601703837750     
   -1.091255787852000     
   -1.091800347981750     
   -1.092236476416000     
   -1.092565261593750     
   -1.092787788204000     
   -1.092905137185750     
   -1.092918385728000     
   -1.092828607269750     
   -1.092636871500000     
   -1.092344244357750     
   -1.091951788032000     
   -1.091460560961750     
   -1.090871617836000     
   -1.090186009593750     
   -1.089404783424000     
   -1.088528982765750     
   -1.087559647308000     
   -1.086497812989750     
   -1.085344512000000     
   -1.084100772777750     
   -1.082767620012000     
   -1.081346074641750     
   -1.079837153856000     
   -1.078241871093750     
   -1.076561236044000     
   -1.074796254645750     
   -1.072947929088000     
   -1.071017257809750     
   -1.069005235500000     
   -1.066912853097750     
   -1.064741097792000     
   -1.062490953021750     
   -1.060163398476000     
   -1.057759410093750     
   -1.055279960064000     
   -1.052726016825750     
   -1.050098545068000     
   -1.047398505729750     
   -1.044626856000000     
   -1.041784549317750     
   -1.038872535372000     
   -1.035891760101750     
   -1.032843165696000     
   -1.029727690593750     
   -1.026546269484000     
   -1.023299833305750     
   -1.019989309248000     
   -1.016615620749750     
   -1.013179687500000     
   -1.009682425437750     
   -1.006124746752000     
   -1.002507559881750     
  -0.9988317695159999     
  -0.9950982765937498     
  -0.9913079783040001     
  -0.9874617680857499     
  -0.9835605356280001     
  -0.9796051668697501     
  -0.9755965440000000     
  -0.9715355454577501     
  -0.9674230459319999     
  -0.9632599163617500     
  -0.9590470239359999     
  -0.9547852320937501     
  -0.9504754005239999     
  -0.9461183851657500     
  -0.9417150382080000     
  -0.9372662080897500     
  -0.9327727394999999     
  -0.9282354733777500     
  -0.9236552469120000     
  -0.9190328935417499     
  -0.9143692429559999     
  -0.9096651210937500     
  -0.9049213501439999     
  -0.9001387485457499     
  -0.8953181309879999     
  -0.8904603084097500     
  -0.8855660879999999     
  -0.8806362731977500     
  -0.8756716636919999     
  -0.8706730554217501     
  -0.8656412405760000     
  -0.8605770075937499     
  -0.8554811411640001     
  -0.8503544222257499     
  -0.8451976279680001     
  -0.8400115318297500     
  -0.8347969035000001     
  -0.8295545089177500     
  -0.8242851102720000     
  -0.8189894660017499     
  -0.8136683307960000     
  -0.8083224555937499     
  -0.8029525875840000     
  -0.7975594702057498     
  -0.7921438431480000     
  -0.7867064423497498     
  -0.7812480000000001     
  -0.7757692445377499     
  -0.7702709006520000     
  -0.7647536892817499     
  -0.7592183276159999     
  -0.7536655290937498     
  -0.7480960034040001     
  -0.7425104564857499     
  -0.7369095905280000     
  -0.7312941039697500     
  -0.7256646915000000     
  -0.7200220440577501     
  -0.7143668488320000     
  -0.7086997892617501     
  -0.7030215450359999     
  -0.6973327920937501     
  -0.6916342026239999     
  -0.6859264450657501     
  -0.6802101841079999     
  -0.6744860806897500     
  -0.6687547920000000     
  -0.6630169714777500     
  -0.6572732688120000     
  -0.6515243299417500     
  -0.6457707970559999     
  -0.6400133085937501     
  -0.6342524992439998     
  -0.6284889999457500     
  -0.6227234378879999     
  -0.6169564365097500     
  -0.6111886154999999     
  -0.6054205907977499     
  -0.5996529745919998     
  -0.5938863753217500     
  -0.5881213976760000     
  -0.5823586425937499     
  -0.5765987072640001     
  -0.5708421851257499     
  -0.5650896658680000     
  -0.5593417354297500     
  -0.5535989760000001     
  -0.5478619660177499     
  -0.5421312801720000     
  -0.5364074894017500     
  -0.5306911608960001     
  -0.5249828580937499     
  -0.5192831406839999     
  -0.5135925646057499     
  -0.5079116820480000     
  -0.5022410414497499     
  -0.4965811875000000     
  -0.4909326611377501     
  -0.4852959995519997     
  -0.4796717361817499     
  -0.4740604007160000     
  -0.4684625190937501     
  -0.4628786135039997     
  -0.4573092023857498     
  -0.4517548004280000     
  -0.4462159185697501     
  -0.4406930640000002     
  -0.4351867401577498     
  -0.4296974467319999     
  -0.4242256796617500     
  -0.4187719311360002     
  -0.4133366895937499     
  -0.4079204397239999     
  -0.4025236624657500     
  -0.3971468350080002     
  -0.3917904307897498     
  -0.3864549194999999     
  -0.3811407670777500     
  -0.3758484357120002     
  -0.3705783838417497     
  -0.3653310661559999     
  -0.3601069335937500     
  -0.3549064333440001     
  -0.3497300088457497     
  -0.3445780997879999     
  -0.3394511421097500     
  -0.3343495680000000     
  -0.3292738058977497     
  -0.3242242804919999     
  -0.3192014127217500     
  -0.3142056197760001     
  -0.3092373150937497     
  -0.3042969083639999     
  -0.2993848055257499     
  -0.2945014087680001     
  -0.2896471165297502     
  -0.2848223234999999     
  -0.2800274206177499     
  -0.2752627950720000     
  -0.2705288303017502     
  -0.2658259059959999     
  -0.2611543980937499     
  -0.2565146787840000     
  -0.2519071165057502     
  -0.2473320759479998     
  -0.2427899180497499     
  -0.2382810000000000     
  -0.2338056752377501     
  -0.2293642934519998     
  -0.2249572005817499     
  -0.2205847388160000     
  -0.2162472465937501     
  -0.2119450586039998     
  -0.2076785057857499     
  -0.2034479153279999     
  -0.1992536106697501     
  -0.1950959114999998     
  -0.1909751337577499     
  -0.1868915896320000     
  -0.1828455875617501     
  -0.1788374322360001     
  -0.1748674245937498     
  -0.1709358618239999     
  -0.1670430373657500     
  -0.1631892409080001     
  -0.1593747583897498     
  -0.1555998719999999     
  -0.1518648601777500     
  -0.1481699976120001     
  -0.1445155552417498     
  -0.1409018002559999     
  -0.1373289960937500     
  -0.1337974024440001     
  -0.1303072752457498     
  -0.1268588666879999     
  -0.1234524252097500     
  -0.1200881955000001     
  -0.1167664184977498     
  -0.1134873313919999     
  -0.1102511676217500     
  -0.1070581568760001     
  -0.1039085250937498     
  -0.1008024944639999     
  -9.7740283425749960E-002
  -9.4722106668000031E-002
  -9.1748175129750087E-002
  -8.8818695999999905E-002
  -8.5933872717749965E-002
  -8.3093904972000032E-002
  -8.0298988701750063E-002
  -7.7549316095999896E-002
  -7.4845075593749949E-002
  -7.2186451884000011E-002
  -6.9573625905750058E-002
  -6.7006774847999884E-002
  -6.4486072149749940E-002
  -6.2011687500000003E-002
  -5.9583786837750050E-002
  -5.7202532351999895E-002
  -5.4868082481749944E-002
  -5.2580591915999987E-002
  -5.0340211593750038E-002
  -4.8147088703999891E-002
  -4.6001366685749945E-002
  -4.3903185227999991E-002
  -4.1852680269750031E-002
  -3.9849983999999901E-002
  -3.7895224857749939E-002
  -3.5988527531999978E-002
  -3.4130012961750014E-002
  -3.2319798336000058E-002
  -3.0557997093749938E-002
  -2.8844718923999972E-002
  -2.7180069765750010E-002
  -2.5564151808000046E-002
  -2.3997063489749941E-002
  -2.2478899499999976E-002
  -2.1009750777750007E-002
  -1.9589704512000036E-002
  -1.8218844141749943E-002
  -1.6897249355999969E-002
  -1.5624996093749999E-002
  -1.4402156544000025E-002
  -1.3228799145749946E-002
  -1.2104988587999972E-002
  -1.1030785809749996E-002
  -1.0006248000000016E-002
  -9.0314285977499530E-003
  -8.1063772919999742E-003
  -7.2311400217499938E-003
  -6.4057589760000118E-003
  -5.6302725937499602E-003
  -4.9047155639999765E-003
  -4.2291188257499931E-003
  -3.6035095680000064E-003
  -3.0279112297500175E-003
  -2.5023434999999826E-003
  -2.0268223177499940E-003
  -1.6013598720000027E-003
  -1.2259646017500098E-003
  -9.0064119599998825E-004
  -6.2539059374999554E-004
  -4.0020998400000073E-004
  -2.2509280575000373E-004
  -1.0002874799999574E-004
  -2.5003749749998933E-005
    0.000000000000000     
  -2.4995937749998937E-005
  -9.9966252000004615E-005
  -2.2488188175000373E-004
  -3.9971001600000076E-004
  -6.2441409374999562E-004
  -8.9895380400001497E-004
  -1.2232850857500099E-003
  -1.5973601280000029E-003
  -2.0211273697499938E-003
  -2.4945315000000265E-003
  -3.0175134577500175E-003
  -3.5900104320000068E-003
  -4.2119558617499924E-003
  -4.8832794359999774E-003
  -5.6039070937500268E-003
  -6.3737610240000115E-003
  -7.1927596657499942E-003
  -8.0608177079999760E-003
  -8.9778460897500367E-003
  -9.9437520000000175E-003
  -1.0958438877749997E-002
  -1.2021806411999972E-002
  -1.3133750541750049E-002
  -1.4294163456000025E-002
  -1.5502933593750001E-002
  -1.6759945643999970E-002
  -1.8065080545750064E-002
  -1.9418215488000035E-002
  -2.0819223909750006E-002
  -2.2267975499999974E-002
  -2.3764336197750074E-002
  -2.5308168192000043E-002
  -2.6899329921750013E-002
  -2.8537676075999975E-002
  -3.0223057593750092E-002
  -3.1955321664000058E-002
  -3.3734311725750019E-002
  -3.5559867467999981E-002
  -3.7431824829749945E-002
  -3.9350016000000064E-002
  -4.1314269417750030E-002
  -4.3324409771999986E-002
  -4.5380258001749940E-002
  -4.7481631296000082E-002
  -4.9628343093750034E-002
  -5.1820203083999990E-002
  -5.4057017205749944E-002
  -5.6338587648000100E-002
  -5.8664712849750042E-002
  -6.1035187499999997E-002
  -6.3449802537749955E-002
  -6.5908345152000114E-002
  -6.8410598781750070E-002
  -7.0956343116000006E-002
  -7.3545354093749959E-002
  -7.6177403904000129E-002
  -7.8852260985750072E-002
  -8.1569690028000019E-002
  -8.4329451969749974E-002
  -8.7131304000000145E-002
  -8.9974999557750096E-002
  -9.2860288332000038E-002
  -9.5786916261749969E-002
  -9.8754625536000173E-002
  -0.1017631545937501     
  -0.1048122381240000     
  -0.1079016070657500     
  -0.1110309886079999     
  -0.1142001061897501     
  -0.1174086795000001     
  -0.1206564244777500     
  -0.1239430533119999     
  -0.1272682744417502     
  -0.1306317925560001     
  -0.1340333085937500     
  -0.1374725197439999     
  -0.1409491194457502     
  -0.1444627973880001     
  -0.1480132395097500     
  -0.1516001279999999     
  -0.1552231412977502     
  -0.1588819540920001     
  -0.1625762373217500     
  -0.1663056581760000     
  -0.1700698800937502     
  -0.1738685627640001     
  -0.1777013621257501     
  -0.1815679303680000     
  -0.1854679159297502     
  -0.1894009635000001     
  -0.1933667140177501     
  -0.1973648046720000     
  -0.2013948689017499     
  -0.2054565363960001     
  -0.2095494330937501     
  -0.2136731811840000     
  -0.2178273991057499     
  -0.2220117015480002     
  -0.2262256994497501     
  -0.2304690000000000     
  -0.2347412066377499     
  -0.2390419190520002     
  -0.2433707331817501     
  -0.2477272412160000     
  -0.2521110315937499     
  -0.2565216890040002     
  -0.2609587943857501     
  -0.2654219249280000     
  -0.2699106540697500     
  -0.2744245515000002     
  -0.2789631831577501     
  -0.2835261112320001     
  -0.2881128941617500     
  -0.2927230866360002     
  -0.2973562395937502     
  -0.3020119002240001     
  -0.3066896119657500     
  -0.3113889145079999     
  -0.3161093437897502     
  -0.3208504320000001     
  -0.3256117075777500     
  -0.3303926952119999     
  -0.3351929158417502     
  -0.3400118866560001     
  -0.3448491210937500     
  -0.3497041288439999     
  -0.3545764158457502     
  -0.3594654842880001     
  -0.3643708326097500     
  -0.3692919554999999     
  -0.3742283438977502     
  -0.3791794849920002     
  -0.3841448622217500     
  -0.3891239552760000     
  -0.3941162400937502     
  -0.3991211888640002     
  -0.4041382700257500     
  -0.4091669482679999     
  -0.4142066845297503     
  -0.4192569360000002     
  -0.4243171561177501     
  -0.4293867945720000     
  -0.4344652973017498     
  -0.4395521064960002     
  -0.4446466605937501     
  -0.4497483942839999     
  -0.4548567385057499     
  -0.4599711204480002     
  -0.4650909635497501     
  -0.4702156875000000     
  -0.4753447082377499     
  -0.4804774379520002     
  -0.4856132850817501     
  -0.4907516543160000     
  -0.4958919465937499     
  -0.5010335591040003     
  -0.5061758852857502     
  -0.5113183148280001     
  -0.5164602336697499     
  -0.5216010240000003     
  -0.5267400642577501     
  -0.5318767291320001     
  -0.5370103895617500     
  -0.5421404127360002     
  -0.5472661620937502     
  -0.5523869973240001     
  -0.5575022743657501     
  -0.5626113454080000     
  -0.5677135588897503     
  -0.5728082595000000     
  -0.5778947881777499     
  -0.5829724821119998     
  -0.5880406747417503     
  -0.5930986957560000     
  -0.5981458710937499     
  -0.6031815229440000     
  -0.6082049697457502     
  -0.6132155261880001     
  -0.6182125032097500     
  -0.6231952079999999     
  -0.6281629439977503     
  -0.6331150108920002     
  -0.6380507046217501     
  -0.6429693173759998     
  -0.6478701375937502     
  -0.6527524499640002     
  -0.6576155354257500     
  -0.6624586711679999     
  -0.6672811306297503     
  -0.6720821835000002     
  -0.6768610957177501     
  -0.6816171294720000     
  -0.6863495432017499     
  -0.6910575915960002     
  -0.6957405255937500     
  -0.7003975923839999     
  -0.7050280354057499     
  -0.7096310943480002     
  -0.7142060051497501     
  -0.7187519999999999     
  -0.7232683073377499     
  -0.7277541518520002     
  -0.7322087544817500     
  -0.7366313324160001     
  -0.7410210990937499     
  -0.7453772642040003     
  -0.7496990336857502     
  -0.7539856097280001     
  -0.7582361907697500     
  -0.7624499715000002     
  -0.7666261428577501     
  -0.7707638920320000     
  -0.7748624024617500     
  -0.7789208538360003     
  -0.7829384220937501     
  -0.7869142794239999     
  -0.7908475942657500     
  -0.7947375313079998     
  -0.7985832514897502     
  -0.8023839120000001     
  -0.8061386662777499     
  -0.8098466640120000     
  -0.8135070511417501     
  -0.8171189698560000     
  -0.8206815585937500     
  -0.8241939520439999     
  -0.8276552811457503     
  -0.8310646730880001     
  -0.8344212513097500     
  -0.8377241354999999     
  -0.8409724415977502     
  -0.8441652817920001     
  -0.8473017645217500     
  -0.8503809944759999     
  -0.8534020725937501     
  -0.8563640960640001     
  -0.8592661583257500     
  -0.8621073490680000     
  -0.8648867542297501     
  -0.8676034560000001     
  -0.8702565328177501     
  -0.8728450593720000     
  -0.8753681066017502     
  -0.8778247416960001     
  -0.8802140280937500     
  -0.8825350254840000     
  -0.8847867898057500     
  -0.8869683732480002     
  -0.8890788242497500     
  -0.8911171875000000     
  -0.8930825039377499     
  -0.8949738107519999     
  -0.8967901413817500     
  -0.8985305255160002     
  -0.9001939890937500     
  -0.9017795543040001     
  -0.9032862395857499     
  -0.9047130596280000     
  -0.9060590253697500     
  -0.9073231439999999     
  -0.9085044189577499     
  -0.9096018499320000     
  -0.9106144328617500     
  -0.9115411599360002     
  -0.9123810195937500     
  -0.9131329965240000     
  -0.9137960716657499     
  -0.9143692222080000     
  -0.9148514215897500     
  -0.9152416394999999     
  -0.9155388418777500     
  -0.9157419909120000     
  -0.9158500450417499     
  -0.9158619589560000     
  -0.9157766835937500     
  -0.9155931661440000     
  -0.9153103500457500     
  -0.9149271749880000     
  -0.9144425769097499     
  -0.9138554879999999     
  -0.9131648366977499     
  -0.9123695476920000     
  -0.9114685419217501     
  -0.9104607365760001     
  -0.9093450450937500     
  -0.9081203771640000     
  -0.9067856387257498     
  -0.9053397319680000     
  -0.9037815553297499     
  -0.9021100035000000     
  -0.9003239674177500     
  -0.8984223342720001     
  -0.8964039875017500     
  -0.8942678067960002     
  -0.8920126680937501     
  -0.8896374435839999     
  -0.8871410017057497     
  -0.8845222071479998     
  -0.8817799208497499     
  -0.8789130000000001     
  -0.8759202980377501     
  -0.8728006646520000     
  -0.8695529457817501     
  -0.8661759836159997     
  -0.8626686165937497     
  -0.8590296794039999     
  -0.8552580029857499     
  -0.8513524145280000     
  -0.8473117374697500     
  -0.8431347915000003     
  -0.8388203925577503     
  -0.8343673528319996     
  -0.8297744807617498     
  -0.8250405810359998     
  -0.8201644545937498     
  -0.8151448986239997     
  -0.8099807065657501     
  -0.8046706681080003     
  -0.7992135691897504     
  -0.7936081919999993     
  -0.7878533149777495     
  -0.7819477128119996     
  -0.7758901564417496     
  -0.7696794130559999     
  -0.7633142460937500     
  -0.7567934152440001     
  -0.7501156764457503     
  -0.7432797818880004     
  -0.7362844800097492     
  -0.7291285154999996     
  -0.7218106292977498     
  -0.7143295585919999     
  -0.7066840368217499     
  -0.6988727936760001     
  -0.6908945550937502     
  -0.6827480432640004     
  -0.6744319766257489     
  -0.6659450698679993     
  -0.6572860339297493     
  -0.6484535759999996     
  -0.6394463995177496     
  -0.6302632041720000     
  -0.6209026859017502     
  -0.6113635368960003     
  -0.6016444455937492     
  -0.5917440966839991     
  -0.5816611711057493     
  -0.5713943460479993     
  -0.5609422949497496     
  -0.5503036875000000     
  -0.5394771896377504     
  -0.5284614635520004     
  -0.5172551676817506     
  -0.5058569567159990     
  -0.4942654815937494     
  -0.4824793895039992     
  -0.4704973238857496     
  -0.4583179244280000     
  -0.4459398270697501     
  -0.4333616640000006     
  -0.4205820636577506     
  -0.4075996507319988     
  -0.3944130461617493     
  -0.3810208671359993     
  -0.3674217270937492     
  -0.3536142357239997     
  -0.3395969989657502     
  -0.3253686190080003     
  -0.3109276942897509     
  -0.2962728194999983     
  -0.2814025855777486     
  -0.2663155797119990     
  -0.2510103853417491     
  -0.2354855821559996     
  -0.2197397460937500     
  -0.2037714493440000     
  -0.1875792603457505     
  -0.1711617437880008     
  -0.1545174606097482     
  -0.1376449679999989     
  -0.1205428193977493     
  -0.1032095644919996     
  -8.5643749221749832E-002
  -6.7843915776000019E-002
  -4.9808602593750584E-002
  -3.1536344364000823E-002
  -1.3025672025748086E-002
   5.7248872320013744E-003
   2.4716809970251191E-002
   4.3951576500000700E-002
   6.3430670882250434E-002
   8.3155580927999823E-002
   0.1031277981982492     
   0.1233488180039990     
   0.1438201394062522     
   0.1645432652160018     
   0.1855197019942514     
   0.2067509600520011     
   0.2282385534502505     
   0.2499840000000000     
   0.2719888212622496     
   0.2942545425479984     
   0.3167826929182488     
   0.3395748051840021     
   0.3626324159062518     
   0.3859570653960007     
   0.4095502977142508     
   0.4334136606719999     
   0.4575487058302496     
   0.4819569884999994     
   0.5066400677422485     
   0.5315995063680028     
   0.5568368709382518     
   0.5823537317640011     
   0.6081516629062514     
   0.6342322421760005     
   0.6605970511342495     
   0.6872476750919987     
   0.7141857031102492     
   0.7414127280000028     
   0.7689303463222528     
   0.7967401583880023     
   0.8248437682582512     
   0.8532427837440008     
   0.8819388164062500     
   0.9109334815559991     
   0.9402283982542488     
   0.9698251893119980     
   0.9997254812902522     
    1.029930904500002     
    1.060443093002251     
    1.091263684608001     
    1.122394320878249     
    1.153836647123999     
    1.185592312406248     
    1.217662969535999     
    1.250050275074253     
    1.282755889332003     
    1.315781476370252     
    1.349128704000001     
    1.382799243782250     
    1.416794771028000     
    1.451116964798248     
    1.485767507903998     
    1.520748086906254     
    1.556060392116003     
    1.591706117594252     
    1.627686961152001     
    1.664004624350252     
    1.700660812500000     
    1.737657234662249     
    1.774995603647998     
    1.812677636018248     
    1.850705052084004     
    1.889079575906253     
    1.927802935296002     
    1.966876861814251     
    2.006303090772001     
    2.046083361230249     
    2.086219415999999     
    2.126713001642248     
    2.167565868468005     
    2.208779770538254     
    2.250356465664003     
    2.292297715406251     
    2.334605285076001     
    2.377280943734249     
    2.420326464191999     
    2.463743623010248     
    2.507534200500005     
    2.551699980722254     
    2.596242751488003     
    2.641164304358252     
    2.686466434644000     
    2.732150941406250     
    2.778219627456000     
    2.824674299354248     
    2.871516767411998     
    2.918748845690255     
    2.966372352000004     
    3.014389107902253     
    3.062800938708000     
    3.111609673478251     
    3.160817145023999     
    3.210425189906248     
    3.260435648435998     
    3.310850364674256     
    3.361671186432003     
    3.412899965270253     
    3.464538556500002     
    3.516588819182250     
    3.569052616127999     
    3.621931813898247     
    3.675228282803996     
    3.728943896906256     
    3.783080534016004     
    3.837640075694255     
    3.892624407252002     
    3.948035417750250     
    4.003875000000000     
    4.060145050562248     
    4.116847469747998     
    4.173984161618247     
    4.231557033984006     
    4.289567998406255     
    4.348018970196001     
    4.406911868414252     
    4.466248615872000     
    4.526031139130249     
    4.586261368499998     
    4.646941238042247     
    4.708072685568006     
    4.769657652638255     
    4.831698084564005     
    4.894195930406253     
    4.957153142976002     
    5.020571678834250     
    5.084453498291997     
    5.148800565410247     
    5.213614848000005     
    5.278898317622255     
    5.344652949588005     
    5.410880722958253     
    5.477583620544002     
    5.544763628906250     
    5.612422738355997     
    5.680562942954247     
    5.749186240511995     
    5.818294632590256     
    5.887890124500005     
    5.957974725302253     
    6.028550447808001     
    6.099619308578250     
    6.171183327924000     
    6.243244529906246     
    6.315804942335996     
    6.388866596774258     
    6.462431528532005     
    6.536501776670255     
    6.611079384000004     
    6.686166397082250     
    6.761764866228000     
    6.837876845498247     
    6.914504392703997     
    6.991649569406258     
    7.069314440916006     
    7.147501076294255     
    7.226211548352003     
    7.305447933650252     
    7.385212312500000     
