   7.9569230557394052E-002
   8.8373632935167409E-002
   9.7164075187640281E-002
   0.1059382743561944     
   0.1146937967191378     
   0.1234280606828728     
   0.1321383397690592     
   0.1408217657019806     
   0.1494753315999865     
   0.1580958952745565     
   0.1666801826401992     
   0.1752247912380667     
   0.1837261938758338     
   0.1921807423860564     
   0.2005846715048936     
   0.2089341028727400     
   0.2172250491579849     
   0.2254534183047796     
   0.2336150179053597     
   0.2417055596971385     
   0.2497206641844531     
   0.2576558653845142     
   0.2655066156967799     
   0.2732682908946453     
   0.2809361952380118     
   0.2885055667049754     
   0.2959715823405514     
   0.3033293637200311     
   0.3105739825242506     
   0.3177004662237413     
   0.3247038038684150     
   0.3315789519791418     
   0.3383208405372705     
   0.3449243790678491     
   0.3513844628120167     
   0.3576959789837494     
   0.3638538131058689     
   0.3698528554199541     
   0.3756880073645276     
   0.3813541881156415     
   0.3868463411837325     
   0.3921594410603840     
   0.3972884999084008     
   0.4022285742883809     
   0.4069747719147629     
   0.4115222584341227     
   0.4158662642183076     
   0.4200020911648179     
   0.4239251194966729     
   0.4276308145538537     
   0.4311147335682611     
   0.4343725324140042     
   0.4373999723247118     
   0.4401929265694561     
   0.4427473870787877     
   0.4450594710122968     
   0.4471254272590578     
   0.4489416428622596     
   0.4505046493592869     
   0.4518111290284982     
   0.4528579210339370     
   0.4536420274592186     
   0.4541606192218589     
   0.4544110418593447     
   0.4543908211782995     
   0.4540976687581628     
   0.4535294873008823     
   0.4526843758182154     
   0.4515606346483442     
   0.4501567702936382     
   0.4484715000715345     
   0.4465037565706639     
   0.4442526919045165     
   0.4417176817551277     
   0.4388983291994595     
   0.4357944683113661     
   0.4324061675322545     
   0.4287337328037920     
   0.4247777104562606     
   0.4205388898464238     
   0.4160183057390466     
   0.4112172404264968     
   0.4061372255811562     
   0.4007800438356793     
   0.3951477300864605     
   0.3892425725159982     
   0.3830671133301898     
   0.3766241492069384     
   0.3699167314528127     
   0.3629481658648669     
   0.3557220122951046     
   0.3482420839154500     
   0.3405124461814776     
   0.3325374154935487     
   0.3243215575543971     
   0.3158696854226148     
   0.3071868572618930     
   0.2982783737862839     
   0.2891497754021670     
   0.2798068390480134     
   0.2702555747334610     
   0.2605022217796309     
   0.2505532447630330     
   0.2404153291658225     
   0.2300953767355884     
   0.2196005005582647     
   0.2089380198481667     
   0.1981154544595609     
   0.1871405191245816     
   0.1760211174227014     
   0.1647653354873596     
   0.1533814354557351     
   0.1418778486680328     
   0.1302631686230219     
   0.1185461436969320     
   0.1067356696331649     
   9.4840781810628882E-002
   8.2870647298837780E-002
   7.0834556708243485E-002
   5.8741915844585657E-002
   4.6602237176346546E-002
   3.4425131124690513E-002
   2.2220297185547355E-002
   9.9975148937650228E-003
  -2.2333653604893577E-003
  -1.4462431652661967E-002
  -2.6679719971434847E-002
  -3.8875223782184436E-002
  -5.1038903695226234E-002
  -6.3160697227615359E-002
  -7.5230528647107872E-002
  -8.7238318886738414E-002
  -9.9173995518337138E-002
  -0.1110275027731920     
  -0.1227888115979621     
  -0.1344479297338648     
  -0.1459949118070924     
  -0.1574198694183640     
  -0.1687129812194867     
  -0.1798645029647831     
  -0.1908647775252446     
  -0.2017042448532883     
  -0.2123734518860309     
  -0.2228630623750456     
  -0.2331638666306377     
  -0.2432667911687608     
  -0.2531629082487993     
  -0.2628434452905616     
  -0.2722997941589642     
  -0.2815235203050407     
  -0.2905063717520754     
  -0.2992402879158452     
  -0.3077174082481539     
  -0.3159300806930537     
  -0.3238708699453809     
  -0.3315325655014706     
  -0.3389081894921759     
  -0.3459910042885860     
  -0.3527745198711166     
  -0.3592525009529495     
  -0.3654189738490964     
  -0.3712682330826900     
  -0.3767948477204280     
  -0.3819936674294434     
  -0.3868598282482213     
  -0.3913887580645430     
  -0.3955761817938113     
  -0.3994181262514834     
  -0.4029109247137292     
  -0.4060512211608217     
  -0.4088359741981664     
  -0.4112624606502848     
  -0.4133282788234744     
  -0.4150313514332870     
  -0.4163699281933817     
  -0.4173425880627413     
  -0.4179482411486560     
  -0.4181861302633173     
  -0.4180558321322874     
  -0.4175572582535458     
  -0.4166906554062435     
  -0.4154566058087292     
  -0.4138560269258382     
  -0.4118901709258702     
  -0.4095606237881016     
  -0.4068693040621105     
  -0.4038184612806051     
  -0.4004106740278718     
  -0.3966488476663642     
  -0.3925362117243698     
  -0.3880763169480867     
  -0.3832730320218426     
  -0.3781305399605781     
  -0.3726533341790967     
  -0.3668462142429607     
  -0.3607142813062786     
  -0.3542629332419869     
  -0.3474978594705808     
  -0.3404250354935849     
  -0.3330507171383892     
  -0.3253814345213912     
  -0.3174239857366973     
  -0.3091854302779350     
  -0.3006730822010109     
  -0.2918945030359293     
  -0.2828574944560475     
  -0.2735700907133950     
  -0.2640405508489233     
  -0.2542773506867798     
  -0.2442891746219105     
  -0.2340849072104993     
  -0.2236736245729367     
  -0.2130645856191845     
  -0.2022672231065649     
  -0.1912911345401459     
  -0.1801460729260308     
  -0.1688419373879763     
  -0.1573887636578701     
  -0.1457967144506898     
  -0.1340760697346416     
  -0.1222372169072440     
  -0.1102906408881653     
  -9.8246914139668545E-002
  -8.6116686625531236E-002
  -7.3910675719322319E-002
  -6.1639656072911379E-002
  -4.9314449456067833E-002
  -3.6945914577976954E-002
  -2.4544936901455622E-002
  -1.2122418460593299E-002
   3.1073230752498137E-004
   1.2743610706439288E-002
   2.5165325888798488E-002
   3.7565010919332405E-002
   4.9931832782055464E-002
   6.2255002321573785E-002
   7.4523784108507823E-002
   8.6727506219193576E-002
   9.8855569919986563E-002
   0.1108974592466646     
   0.1228427504696067     
   0.1346811214356159     
   0.1464023607774546     
   0.1579963769823692     
   0.1694532073110981     
   0.1807630265590829     
   0.1919161556518350     
   0.2029030700666501     
   0.2137144080731106     
   0.2243409787850696     
   0.2347737700170688     
   0.2450039559384095     
   0.2550229045183661     
   0.2648221847563054     
   0.2743935736907598     
   0.2837290631817793     
   0.2928208664611829     
   0.3016614244456158     
   0.3102434118076135     
   0.3185597428001732     
   0.3266035768306281     
   0.3343683237799216     
   0.3418476490636795     
   0.3490354784317827     
   0.3559260025034408     
   0.3625136810350754     
   0.3687932469186209     
   0.3747597099081534     
   0.3804083600730607     
   0.3857347709762631     
   0.3907348025762966     
   0.3954046038523618     
   0.3997406151517391     
   0.4037395702592588     
   0.4073984981888037     
   0.4107147246971085     
   0.4136858735203948     
   0.4163098673346671     
   0.4185849284407581     
   0.4205095791754880     
   0.4220826420505618     
   0.4233032396210877     
   0.4241707940858566     
   0.4246850266217654     
   0.4248459564550161     
   0.4246538996719518     
   0.4241094677726299     
   0.4232135659704495     
   0.4219673912413735     
   0.4203724301264956     
   0.4184304562919066     
   0.4161435278500156     
   0.4135139844466678     
   0.4105444441185909     
   0.4072377999258745     
   0.4035972163643579     
   0.3996261255629655     
   0.3953282232711827     
   0.3907074646420123     
   0.3857680598158932     
   0.3805144693111937     
   0.3749513992270190     
   0.3690837962641864     
   0.3629168425703349     
   0.3564559504152354     
   0.3497067567024639     
   0.3426751173236851     
   0.3353671013618754     
   0.3277889851498841     
   0.3199472461907955     
   0.3118485569466156     
   0.3034997785018502     
   0.2949079541085885     
   0.2860803026197396     
   0.2770242118170962     
   0.2677472316409217     
   0.2582570673277716     
   0.2485615724632642     
   0.2386687419565194     
   0.2285867049429748     
   0.2183237176222795     
   0.2078881560379412     
   0.1972885088053825     
   0.1865333697950285     
   0.1756314307770073     
   0.1645914740340086     
   0.1534223649487900     
   0.1421330445727695     
   0.1307325221820844     
   0.1192298678274266     
   0.1076342048839013     
   9.5954702607075976E-002
   8.4200568701308431E-002
   7.2381041906361285E-002
   6.0505384608218325E-002
   4.8582875479928005E-002
   3.6622802158202433E-002
   2.4634453961399530E-002
   1.2627114654412717E-002
   6.1005526588473976E-004
  -1.1407473036948147E-002
  -2.3416246010589326E-002
  -3.5407073329716543E-002
  -4.7370805508761868E-002
  -5.9298340745802730E-002
  -7.1180631684054058E-002
  -8.3008692086378344E-002
  -9.4773603418359234E-002
  -0.1064665213356144     
  -0.1180786820711569     
  -0.1296014087187463     
  -0.1410261174083079     
  -0.1523443233696342     
  -0.1635476468807198     
  -0.1746278190972204     
  -0.1855766877596652     
  -0.1963862227751916     
  -0.2070485216707128     
  -0.2175558149145676     
  -0.2279004711038435     
  -0.2380750020147057     
  -0.2480720675132040     
  -0.2578844803241708     
  -0.2675052106559629     
  -0.2769273906789408     
  -0.2861443188557166     
  -0.2951494641213401     
  -0.3039364699117315     
  -0.3124991580388037     
  -0.3208315324108535     
  -0.3289277825969353     
  -0.3367822872340632     
  -0.3443896172762193     
  -0.3517445390842767     
  -0.3588420173560722     
  -0.3656772178959934     
  -0.3722455102235676     
  -0.3785424700206644     
  -0.3845638814170471     
  -0.3903057391141215     
  -0.3957642503468586     
  -0.4009358366839718     
  -0.4058171356665508     
  -0.4104050022854634     
  -0.4146965102979434     
  -0.4186889533838919     
  -0.4223798461425232     
  -0.4257669249300894     
  -0.4288481485395148     
  -0.4316216987228719     
  -0.4340859805577250     
  -0.4362396226584581     
  -0.4380814772337954     
  -0.4396106199918102     
  -0.4408263498938036     
  -0.4417281887585138     
  -0.4423158807182018     
  -0.4425893915282317     
  -0.4425489077318439     
  -0.4421948356818854     
  -0.4415278004213394     
  -0.4405486444245552     
  -0.4392584262011522     
  -0.4376584187646281     
  -0.4357501079677629     
  -0.4335351907069726     
  -0.4310155729978111     
  -0.4281933679238837     
  -0.4250708934614745     
  -0.4216506701822448     
  -0.4179354188364042     
  -0.4139280578187946     
  -0.4096317005203737     
  -0.4050496525676189     
  -0.4001854089524116     
  -0.3950426510549936     
  -0.3896252435626206     
  -0.3839372312865665     
  -0.3779828358801607     
  -0.3717664524605662     
  -0.3652926461370269     
  -0.3585661484483401     
  -0.3515918537123224     
  -0.3443748152900612     
  -0.3369202417677555     
  -0.3292334930589660     
  -0.3213200764301069     
  -0.3131856424520194     
  -0.3048359808804800     
  -0.2962770164685006     
  -0.2875148047132842     
  -0.2785555275407047     
  -0.2694054889301800     
  -0.2600711104828104     
  -0.2505589269356541     
  -0.2408755816250075     
  -0.2310278219015582     
  -0.2210224945002725     
  -0.2108665408678725     
  -0.2005669924507551     
  -0.1901309659461925     
  -0.1795656585196482     
  -0.1688783429910315     
  -0.1580763629927010     
  -0.1471671281020191     
  -0.1361581089512407     
  -0.1250568323175128     
  -0.1138708761957390     
  -0.1026078648570548     
  -9.1275463895635789E-002
  -7.9881375266550925E-002
  -6.8433332317349035E-002
  -5.6939094816051972E-002
  -4.5406443978206652E-002
  -3.3843177495629394E-002
  -2.2257104569454587E-002
  -1.0656040950079434E-002
   9.5219601342555861E-004
   1.2559792311892561E-002
   2.4158942200093736E-002
   3.5741853103737731E-002
   4.7300750506946702E-002
   5.8827882817759122E-002
   7.0315526209227763E-002
   8.1755989433707071E-002
   9.3141618607948923E-002
   0.1044648019666511     
   0.1157179745821290     
   0.1268936230478051     
   0.1379842901232405     
   0.1489825793384548     
   0.1598811595553112     
   0.1706727694837680     
   0.1813502221508267     
   0.1919064093200329     
   0.2023343058594148     
   0.2126269740557709     
   0.2227775678732484     
   0.2327793371541795     
   0.2426256317601732     
   0.2523099056514878     
   0.2618257209027391     
   0.2711667516530268     
   0.2803267879885921     
   0.2892997397561478     
   0.2980796403050539     
   0.3066606501565372     
   0.3150370605981899     
   0.3232032972020046     
   0.3311539232642403     
   0.3388836431654410     
   0.3463873056489594     
   0.3536599070163716     
   0.3606965942381973     
   0.3674926679783732     
   0.3740435855309588     
   0.3803449636675867     
   0.3863925813941993     
   0.3921823826156509     
   0.3977104787067831     
   0.4029731509886169     
   0.4079668531083392     
   0.4126882133217940     
   0.4171340366772225     
   0.4213013070990367     
   0.4251871893704352     
   0.4287890310137207     
   0.4321043640671996     
   0.4351309067575931     
   0.4378665650669177     
   0.4403094341928364     
   0.4424577999015161     
   0.4443101397720670     
   0.4458651243316795     
   0.4471216180806132     
   0.4480786804062312     
   0.4487355663853176     
   0.4490917274739539     
   0.4491468120842729     
   0.4489006660474557     
   0.4483533329623717     
   0.4475050544293159     
   0.4463562701683348     
   0.4449076180216816     
   0.4431599338399853     
   0.4411142512517680     
   0.4387718013159876     
   0.4361340120573372     
   0.4332025078840750     
   0.4299791088882154     
   0.4264658300279556     
   0.4226648801922683     
   0.4185786611476402     
   0.4142097663669911     
   0.4095609797408592     
   0.4046352741709958     
   0.3994358100465644     
   0.3939659336031984     
   0.3882291751652254     
   0.3822292472714264     
   0.3759700426847528     
   0.3694556322864868     
   0.3626902628553901     
   0.3556783547324409     
   0.3484244993718305     
   0.3409334567789427     
   0.3332101528361081     
   0.3252596765169871     
   0.3170872769904982     
   0.3086983606152759     
   0.3000984878257041     
   0.2912933699106401     
   0.2822888656860102     
   0.2730909780625228     
   0.2637058505098162     
   0.2541397634184245     
   0.2443991303610128     
   0.2344904942544054     
   0.2244205234239963     
   0.2141960075722047     
   0.2038238536527066     
   0.1933110816522448     
   0.1826648202818901     
   0.1718923025796996     
   0.1610008614267858     
   0.1499979249788851     
   0.1388910120155841     
   0.1276877272094331     
   0.1163957563172499     
   0.1050228612959856     
   9.3576875345598776E-002
   8.2065697881451280E-002
   7.0497289438814323E-002
   5.8879666512140390E-002
   4.7220896331828528E-002
   3.5529091581279842E-002
   2.3812405057108986E-002
   1.2079024275446179E-002
   3.3716602733211592E-004
  -1.1404929113724602E-002
  -2.3139002328891687E-002
  -3.4856782132657527E-002
  -4.6549989989709863E-002
  -5.8210345966719299E-002
  -6.9829574415635837E-002
  -8.1399409685045693E-002
  -9.2911601856075360E-002
  -0.1043579224992715     
  -0.1157301704488289     
  -0.1270201775904813     
  -0.1382198146593187     
  -0.1493209970437396     
  -0.1603156905916989     
  -0.1711959174153617     
  -0.1819537616902268     
  -0.1925813754447413     
  -0.2030709843363819     
  -0.2134148934101416     
  -0.2236054928353198     
  -0.2336352636164816     
  -0.2434967832744154     
  -0.2531827314928907     
  -0.2626858957269887     
  -0.2719991767687547     
  -0.2811155942658957     
  -0.2900282921892341     
  -0.2987305442446045     
  -0.3072157592248734     
  -0.3154774862977494     
  -0.3235094202250443     
  -0.3313054065090443     
  -0.3388594464616495     
  -0.3461657021919411     
  -0.3532185015078493     
  -0.3600123427275994     
  -0.3665418993966300     
  -0.3728020249056986     
  -0.3787877570059075     
  -0.3844943222164119     
  -0.3899171401206019     
  -0.3950518275465817     
  -0.3998942026278130     
  -0.4044402887398231     
  -0.4086863183089343     
  -0.4126287364890143     
  -0.4162642047023066     
  -0.4195896040404555     
  -0.4226020385219078     
  -0.4252988382019374     
  -0.4276775621316131     
  -0.4297360011621054     
  -0.4314721805908094     
  -0.4328843626458479     
  -0.4339710488056026     
  -0.4347309819500244     
  -0.4351631483405627     
  -0.4352667794256644     
  -0.4350413534688947     
  -0.4344865969968462     
  -0.4336024860641181     
  -0.4323892473327672     
  -0.4308473589637564     
  -0.4289775513180547     
  -0.4267808074651764     
  -0.4242583634970827     
  -0.4214117086455105     
  -0.4182425852009359     
  -0.4147529882315326     
  -0.4109451651006308     
  -0.4068216147813475     
  -0.4023850869672069     
  -0.3976385809777458     
  -0.3925853444582539     
  -0.3872288718729744     
  -0.3815729027912639     
  -0.3756214199663825     
  -0.3693786472067678     
  -0.3628490470398240     
  -0.3560373181684466     
  -0.3489483927206842     
  -0.3415874332931322     
  -0.3339598297888423     
  -0.3260711960507246     
  -0.3179273662916148     
  -0.3095343913223748     
  -0.3008985345795935     
  -0.2920262679546527     
  -0.2829242674261245     
  -0.2735994084976663     
  -0.2640587614437822     
  -0.2543095863660206     
  -0.2443593280623824     
  -0.2342156107129111     
  -0.2238862323846465     
  -0.2133791593593165     
  -0.2027025202873481     
  -0.1918646001719769     
  -0.1808738341874324     
  -0.1697388013353748     
  -0.1584682179439539     
  -0.1470709310140550     
  -0.1355559114174879     
  -0.1239322469520644     
  -0.1122091352586956     
  -0.1003958766058260     
  -8.8501866546698227E-002
  -7.6536588455122304E-002
  -6.4509605945595738E-002
  -5.2430555183789126E-002
  -4.0309137093578321E-002
  -2.8155109466964281E-002
  -1.5978278983377826E-002
  -3.7884931450175444E-003
   8.4043678649849234E-003
   2.0590399394637887E-002
   3.2759680598331661E-002
   4.4902282768051784E-002
   5.7008277713242919E-002
   6.9067746181886880E-002
   8.1070786315248486E-002
   9.3007522128640413E-002
   0.1048681120104629     
   0.1166427572316849     
   0.1283217104578542     
   0.1398952842556485     
   0.1513538595859170     
   0.1626878942751021     
   0.1738879314568845     
   0.1849446079758527     
   0.1958486627449664     
   0.2065909450485616     
   0.2171624227826277     
   0.2275541906240859     
   0.2377574781207993     
   0.2477636576940574     
   0.2575642525453040     
   0.2671509444589054     
   0.2765155814928003     
   0.2856501855489222     
   0.2945469598153459     
   0.3031982960721815     
   0.3115967818533185     
   0.3197352074562120     
   0.3276065727920039     
   0.3352040940683816     
   0.3425212102976943     
   0.3495515896229774     
   0.3562891354546741     
   0.3627279924109901     
   0.3688625520549773     
   0.3746874584216062     
   0.3801976133282675     
   0.3853881814623247     
   0.3902545952395380     
   0.3947925594273804     
   0.3989980555274819     
   0.4028673459116571     
   0.4063969777062019     
   0.4095837864193827     
   0.4124248993072861     
   0.4149177384734525     
   0.4170600236979761     
   0.4188497749920247     
   0.4202853148740022     
   0.4213652703638688     
   0.4220885746924098     
   0.4224544687225499     
   0.4224625020801019     
   0.4221125339916492     
   0.4214047338275696     
   0.4203395813485266     
   0.4189178666540689     
   0.4171406898323110     
   0.4150094603099856     
   0.4125258959024983     
   0.4096920215639427     
   0.4065101678373719     
   0.4029829690059623     
   0.3991133609460401     
   0.3949045786832890     
   0.3903601536537899     
   0.3854839106718941     
   0.3802799646072648     
   0.3747527167737672     
   0.3689068510332268     
   0.3627473296174093     
   0.3562793886719152     
   0.3495085335260156     
   0.3424405336927808     
   0.3350814176041882     
   0.3274374670862087     
   0.3195152115791988     
   0.3113214221092326     
   0.3028631050163182     
   0.2941474954457443     
   0.2851820506091015     
   0.2759744428218082     
   0.2665325523242557     
   0.2568644598939612     
   0.2469784392563836     
   0.2368829493023161     
   0.2265866261200167     
   0.2160982748504812     
   0.2054268613744908     
   0.1945815038402882     
   0.1835714640409467     
   0.1724061386506943     
   0.1610950503296469     
   0.1496478387065766     
   0.1380742512495122     
   0.1263841340341162     
   0.1145874224199304     
   0.1026941316447048     
   9.0714347347144925E-002
   7.8658216028512057E-002
   6.6535935463603688E-002
   5.4357745071715743E-002
   4.2133916258251858E-002
   2.9874742737693645E-002
   1.7590530848682125E-002
   5.2915898719805088E-003
  -7.0117776379027916E-003
  -1.9309285496659598E-002
  -3.1590673498944934E-002
  -4.3845716981241747E-002
  -5.6064236328160710E-002
  -6.8236106411571490E-002
  -8.0351265952039647E-002
  -9.2399726792134082E-002
  -0.1043715830712759     
  -0.1162570202919179     
  -0.1280463242669778     
  -0.1397298899385934     
  -0.1512982300584286     
  -0.1627419837199318     
  -0.1740519247331332     
  -0.1852189698327680     
  -0.1962341867107222     
  -0.2070888018640194     
  -0.2177742082498063     
  -0.2282819727390363     
  -0.2386038433608123     
  -0.2487317563296156     
  -0.2586578428479291     
  -0.2683744356770509     
  -0.2778740754691931     
  -0.2871495168542703     
  -0.2961937342750962     
  -0.3049999275650359     
  -0.3135615272624903     
  -0.3218721996569330     
  -0.3299258515615635     
  -0.3377166348079993     
  -0.3452389504587832     
  -0.3524874527338496     
  -0.3594570526474656     
  -0.3661429213525289     
  -0.3725404931894897     
  -0.3786454684375394     
  -0.3844538157660921     
  -0.3899617743849709     
  -0.3951658558920951     
  -0.4000628458178537     
  -0.4046498048657330     
  -0.4089240698491575     
  -0.4128832543248847     
  -0.4165252489236795     
  -0.4198482213793763     
  -0.4228506162578125     
  -0.4255311543874973     
  -0.4278888319942447     
  -0.4299229195423732     
  -0.4316329602854307     
  -0.4330187685297643     
  -0.4340804276145999     
  -0.4348182876126439     
  -0.4352329627555543     
  -0.4353253285889563     
  -0.4350965188619977     
  -0.4345479221567538     
  -0.4336811782630910     
  -0.4324981743048933     
  -0.4310010406238378     
  -0.4291921464271800     
  -0.4270740952062696     
  -0.4246497199327696     
  -0.4219220780397889     
  -0.4188944461953711     
  -0.4155703148759894     
  -0.4119533827479094     
  -0.4080475508644633     
  -0.4038569166874640     
  -0.3993857679411445     
  -0.3946385763071630     
  -0.3896199909693517     
  -0.3843348320170047     
  -0.3787880837156179     
  -0.3729848876540818     
  -0.3669305357774152     
  -0.3606304633141900     
  -0.3540902416078532     
  -0.3473155708611925     
  -0.3403122728032095     
  -0.3330862832876852     
  -0.3256436448327081     
  -0.3179904991104266     
  -0.3101330793962490     
  -0.3020777029866720     
  -0.2938307635948603     
  -0.2853987237330248     
  -0.2767881070905618     
  -0.2680054909168177     
  -0.2590574984172311     
  -0.2499507911714769     
  -0.2406920615821070     
  -0.2312880253620245     
  -0.2217454140689748     
  -0.2120709676950602     
  -0.2022714273191043     
  -0.1923535278294966     
  -0.1823239907249427     
  -0.1721895170003356     
  -0.1619567801247311     
  -0.1516324191181874     
  -0.1412230317339772     
  -0.1307351677524376     
  -0.1201753223924597     
  -0.1095499298463574     
  -9.8865356943579064E-002
  -8.8127896948449219E-002
  -7.7343763496838663E-002
  -6.6519084676372728E-002
  -5.5659897254489360E-002
  -4.4772141058357841E-002
  -3.3861653510363569E-002
  -2.2934164322554879E-002
  -1.1995290353135067E-002
  -1.0505306277675901E-003
   9.8947384718559989E-003
   2.0835267850055458E-002
   3.1765940168000259E-002
   4.2681774141861223E-002
   5.3577928667112640E-002
   6.4449706768145834E-002
   7.5292559372678231E-002
   8.6102088910764318E-002
   9.6874052738537469E-002
   0.1076043663871305     
   0.1182891066375433     
   0.1289245144225406     
   0.1395069975569782     
   0.1500331332982673     
   0.1604996707389952     
   0.1709035330340250     
   0.1812418194646997     
   0.1915118073430735     
   0.2017109537593870     
   0.2118368971762934     
   0.2218874588736263     
   0.2318606442477843     
   0.2417546439700796     
   0.2515678350086731     
   0.2612987815189827     
   0.2709462356077152     
   0.2805091379759290     
   0.2899866184467861     
   0.2993779963839013     
   0.3086827810064376     
   0.3179006716073356     
   0.3270315576812992     
   0.3360755189693871     
   0.3450328254272872     
   0.3539039371245705     
   0.3626895040824386     
   0.3713903660576934     
   0.3800075522808701     
   0.3885422811566775     
   0.3969959599351033     
   0.4053701843617384     
   0.4136667383160814     
   0.4218875934467838     
   0.4300349088129979     
   0.4381110305411908     
   0.4461184915069881     
   0.4540600110518166     
   0.4619384947443183     
   0.4697570341967158     
   0.4775189069465248     
   0.4852275764142179     
   0.4928866919476751     
   0.5005000889644741     
   0.5080717892033150     
   0.5156060010961149     
   0.5231071202725581     
   0.5305797302091556     
   0.5380286030351338     
   0.5454587005077689     
   0.5528751751700758     
   0.5602833717040858     
   0.5676888284932725     
   0.5750972794080456     
