    0.000000000000000     
   8.7435212933825073E-004
   1.7492705807424635E-003
   2.6253094158717218E-003
   3.5030109059086437E-003
   4.3829059777891919E-003
   5.2655146377003038E-003
   6.1513463727700547E-003
   7.0409005318336545E-003
   7.9346666861191337E-003
   8.8331249706593128E-003
   9.7367464072011505E-003
   1.0645993209349872E-002
   1.1561319070653414E-002
   1.2483169436302385E-002
   1.3411981759091939E-002
   1.4348185740264693E-002
   1.5292203555827912E-002
   1.6244450068913601E-002
   1.7205333028726750E-002
   1.8175253256604986E-002
   1.9154604819691726E-002
   2.0143775192705066E-002
   2.1143145408265833E-002
   2.2153090196230036E-002
   2.3173978112454290E-002
   2.4206171657406253E-002
   2.5250027385017193E-002
   2.6305896002158949E-002
   2.7374122459114057E-002
   2.8455046031394472E-002
   2.9549000393252169E-002
   3.0656313683212959E-002
   3.1777308561953890E-002
   3.2912302262833842E-002
   3.4061606635376988E-002
   3.5225528181999297E-002
   3.6404368088259142E-002
   3.7598422246904642E-002
   3.8807981275982013E-002
   4.0033330531261707E-002
   4.1274750113231777E-002
   4.2532514868900653E-002
   4.3806894388645316E-002
   4.5098152998334348E-002
   4.6406549746949258E-002
   4.7732338389922246E-002
   4.9075767368402509E-002
   5.0437079784658639E-002
   5.1816513373819574E-002
   5.3214300472151629E-002
   5.4630667982065138E-002
   5.6065837334039616E-002
   5.7520024445652476E-002
   5.8993439677892376E-002
   6.0486287788934563E-002
   6.1998767885552100E-002
   6.3531073372333130E-002
   6.5083391898871551E-002
   6.6655905305094798E-002
   6.8248789564889528E-002
   6.9862214728183464E-002
   7.1496344861637903E-002
   7.3151337988103610E-002
   7.4827346024989375E-002
   7.6524514721690418E-002
   7.8242983596220769E-002
   7.9982885871191942E-002
   8.1744348409276885E-002
   8.3527491648296703E-002
   8.5332429536064805E-002
   8.7159269465120676E-002
   8.9008112207483669E-002
   9.0879051849554637E-002
   9.2772175727291101E-002
   9.4687564361779289E-002
   9.6625291395324428E-002
   9.8585423528178270E-002
   0.1005680204560207     
   0.1025731348083102     
   0.1046008120876159     
   0.1066510906100409     
   0.1087240014468453     
   0.1108195683673759     
   0.1129378077834047     
   0.1150787286949780     
   0.1172423326378772     
   0.1194286136327856     
   0.1216375581362586     
   0.1238691449935874     
   0.1261233453936486     
   0.1284001228258259     
   0.1306994330390906     
   0.1330212240033231     
   0.1353654358729567     
   0.1377320009530225     
   0.1401208436676706     
   0.1425318805312403     
   0.1449650201219528     
   0.1474201630582927     
   0.1498972019781443     
   0.1523960215207472     
   0.1549164983115317     
   0.1574585009498908     
   0.1600218899999469     
   0.1626065179843633     
   0.1652122293812534     
   0.1678388606242326     
   0.1704862401056603     
   0.1731541881831119     
   0.1758425171891217     
   0.1785510314442326     
   0.1812795272733868     
   0.1840277930256881     
   0.1867956090975650     
   0.1895827479593591     
   0.1923889741853618     
   0.1952140444873198     
   0.1980577077514252     
   0.2009197050788055     
   0.2037997698295242     
   0.2066976276701014     
   0.2096129966245583     
   0.2125455871289910     
   0.2154951020896715     
   0.2184612369446747     
   0.2214436797290245     
   0.2244421111433520     
   0.2274562046260539     
   0.2304856264289368     
   0.2335300356963331     
   0.2365890845476651     
   0.2396624181634397     
   0.2427496748746460     
   0.2458504862555293     
   0.2489644772197117     
   0.2520912661196268     
   0.2552304648492328     
   0.2583816789499666     
   0.2615445077198986     
   0.2647185443260457     
   0.2679033759197972     
   0.2710985837554061     
   0.2743037433114962     
   0.2775184244155328     
   0.2807421913712020     
   0.2839746030886432     
   0.2872152132174746     
   0.2904635702825520     
   0.2937192178223980     
   0.2969816945302350     
   0.3002505343975572     
   0.3035252668601718     
   0.3068054169466389     
   0.3100905054290375     
   0.3133800489759842     
   0.3166735603078280     
   0.3199705483539442     
   0.3232705184120492     
   0.3265729723094543     
   0.3298774085661783     
   0.3331833225598356     
   0.3364902066922139     
   0.3397975505574586     
   0.3431048411117752     
   0.3464115628445625     
   0.3497171979508890     
   0.3530212265052207     
   0.3563231266363129     
   0.3596223747031718     
   0.3629184454719957     
   0.3662108122940038     
   0.3694989472840575     
   0.3727823214999825     
   0.3760604051224972     
   0.3793326676356530     
   0.3825985780076920     
   0.3858576048722274     
   0.3891092167096519     
   0.3923528820286789     
   0.3955880695479230     
   0.3988142483774226     
   0.4020308882000123     
   0.4052374594524497     
   0.4084334335062029     
   0.4116182828478057     
   0.4147914812586854     
   0.4179525039943730     
   0.4211008279630027     
   0.4242359319030082     
   0.4273572965599276     
   0.4304644048622247     
   0.4335567420960390     
   0.4366337960787759     
   0.4396950573314501     
   0.4427400192496952     
   0.4457681782733567     
   0.4487790340545814     
   0.4517720896243235     
   0.4547468515571839     
   0.4577028301345041     
   0.4606395395056342     
   0.4635564978473001     
   0.4664532275209916     
   0.4693292552282986     
   0.4721841121641221     
   0.4750173341676892     
   0.4778284618713013     
   0.4806170408467498     
   0.4833826217493312     
   0.4861247604593978     
   0.4888430182213827     
   0.4915369617802356     
   0.4942061635152137     
   0.4968502015709680     
   0.4994686599858719     
   0.5020611288175383     
   0.5046272042654727     
   0.5071664887908155     
   0.5096785912331256     
   0.5121631269241590     
   0.5146197177985999     
   0.5170479925017053     
   0.5194475864938207     
   0.5218181421517337     
   0.5241593088668282     
   0.5264707431400072     
   0.5287521086733559     
   0.5310030764585129     
   0.5332233248617277     
   0.5354125397055766     
   0.5375704143473174     
   0.5396966497538634     
   0.5417909545733569     
   0.5438530452033288     
   0.5458826458554307     
   0.5478794886167264     
   0.5498433135075363     
   0.5517738685358256     
   0.5536709097481316     
   0.5555342012770290     
   0.5573635153851296     
   0.5591586325056188     
   0.5609193412793332     
   0.5626454385883823     
   0.5643367295863231     
   0.5659930277248949     
   0.5676141547773280     
   0.5691999408582362     
   0.5707502244401099     
   0.5722648523664254     
   0.5737436798613884     
   0.5751865705363350     
   0.5765933963928060     
   0.5779640378223254     
   0.5792983836029020     
   0.5805963308922859     
   0.5818577852180060     
   0.5830826604642183     
   0.5842708788553994     
   0.5854223709369151     
   0.5865370755525018     
   0.5876149398186943     
   0.5886559190962394     
   0.5896599769585336     
   0.5906270851571243     
   0.5915572235843174     
   0.5924503802329326     
   0.5933065511532515     
   0.5941257404072026     
   0.5949079600198298     
   0.5956532299280917     
   0.5963615779270390     
   0.5970330396134209     
   0.5976676583267685     
   0.5982654850880083     
   0.5988265785356551     
   0.5993510048596409     
   0.5998388377328276     
   0.6002901582402635     
   0.6007050548062338     
   0.6010836231191629     
   0.6014259660544242     
   0.6017321935951130     
   0.6020024227508396     
   0.6022367774746018     
   0.6024353885777920     
   0.6025983936433994     
   0.6027259369374638     
   0.6028181693188424     
   0.6028752481473452     
   0.6028973371903025     
   0.6028846065276192     
   0.6028372324553797     
   0.6027553973880598     
   0.6026392897594082     
   0.6024891039220536     
   0.6023050400459004     
   0.6020873040153709     
   0.6018361073255538     
   0.6015516669773171     
   0.6012342053714477     
   0.6008839502018720     
   0.6005011343480200     
   0.6000859957663893     
   0.5996387773813678     
   0.5991597269753717     
   0.5986490970783577     
   0.5981071448567645     
   0.5975341320019421     
   0.5969303246181215     
   0.5962959931099856     
   0.5956314120698900     
   0.5949368601647921     
   0.5942126200229425     
   0.5934589781203893     
   0.5926762246673495     
   0.5918646534944995     
   0.5910245619392357     
   0.5901562507319548     
   0.5892600238824057     
   0.5883361885661600     
   0.5873850550112505     
   0.5864069363850255     
   0.5854021486812648     
   0.5843710106076041     
   0.5833138434733127     
   0.5822309710774682     
   0.5811227195975734     
   0.5799894174786561     
   0.5788313953228942     
   0.5776489857798078     
   0.5764425234370565     
   0.5752123447118824     
   0.5739587877432369     
   0.5726821922846268     
   0.5713828995977185     
   0.5700612523467337     
   0.5687175944936711     
   0.5673522711943891     
   0.5659656286955801     
   0.5645580142326679     
   0.5631297759286625     
   0.5616812626939947     
   0.5602128241273669     
   0.5587248104176432     
   0.5572175722468047     
   0.5556914606940009     
   0.5541468271407148     
   0.5525840231770737     
   0.5510034005093191     
   0.5494053108684672     
   0.5477901059201740     
   0.5461581371758274     
   0.5445097559048864     
   0.5428453130484836     
   0.5411651591343087     
   0.5394696441927913     
   0.5377591176745937     
   0.5360339283694336     
   0.5342944243262466     
   0.5325409527747019     
   0.5307738600480832     
   0.5289934915075458     
   0.5272001914677598     
   0.5253943031239474     
   0.5235761684803258     
   0.5217461282799579     
   0.5199045219360225     
   0.5180516874645075     
   0.5161879614183298     
   0.5143136788228900     
   0.5124291731130606     
   0.5105347760716137     
   0.5086308177690892     
   0.5067176265051048     
   0.5047955287511057     
   0.5028648490945592     
   0.5009259101845882     
   0.4989790326790429     
   0.4970245351930107     
   0.4950627342487591     
   0.4930939442271086     
   0.4911184773202309     
   0.4891366434858686     
   0.4871487504029698     
   0.4851551034287315     
   0.4831560055570461     
   0.4811517573783438     
   0.4791426570408211     
   0.4771290002130493     
   0.4751110800479540     
   0.4730891871481552     
   0.4710636095326587     
   0.4690346326048891     
   0.4670025391220531     
   0.4649676091658219     
   0.4629301201143221     
   0.4608903466154213     
   0.4588485605612981     
   0.4568050310642823     
   0.4547600244339529     
   0.4527138041554803     
   0.4506666308691989     
   0.4486187623513955     
   0.4465704534963000     
   0.4445219562992629     
   0.4424735198411058     
   0.4404253902736271     
   0.4383778108062507     
   0.4363310216937991     
   0.4342852602253772     
   0.4322407607143491     
   0.4301977544893915     
   0.4281564698866085     
   0.4261171322426896     
   0.4240799638890945     
   0.4220451841472482     
   0.4200130093247285     
   0.4179836527124287     
   0.4159573245826782     
   0.4139342321883043     
   0.4119145797626150     
   0.4098985685202886     
   0.4078863966591504     
   0.4058782593628176     
   0.4038743488041975     
   0.4018748541498180     
   0.3998799615649754     
   0.3978898542196784     
   0.3959047122953738     
   0.3939247129924328     
   0.3919500305383816     
   0.3899808361968592     
   0.3880172982772820     
   0.3860595821451998     
   0.3841078502333239     
   0.3821622620532108     
   0.3802229742075820     
   0.3782901404032643     
   0.3763639114647318     
   0.3744444353482325     
   0.3725318571564826     
   0.3706263191539098     
   0.3687279607824305     
   0.3668369186777425     
   0.3649533266861160     
   0.3630773158816675     
   0.3612090145840990     
   0.3593485483768852     
   0.3574960401258945     
   0.3556516099984248     
   0.3538153754826412     
   0.3519874514073956     
   0.3501679499624171     
   0.3483569807188533     
   0.3465546506501496     
   0.3447610641532509     
   0.3429763230701094     
   0.3412005267094846     
   0.3394337718690211     
   0.3376761528575881     
   0.3359277615178675     
   0.3341886872491764     
   0.3324590170305088     
   0.3307388354437845     
   0.3290282246972894     
   0.3273272646492965     
   0.3256360328318515     
   0.3239546044747116     
   0.3222830525294254     
   0.3206214476935393     
   0.3189698584349194     
   0.3173283510161761     
   0.3156969895191803     
   0.3140758358696588     
   0.3124649498618559     
   0.3108643891832533     
   0.3092742094393336     
   0.3076944641783796     
   0.3061252049162952     
   0.3045664811614409     
   0.3030183404394713     
   0.3014808283181655     
   0.2999539884322403     
   0.2984378625081361     
   0.2969324903887675     
   0.2954379100582270     
   0.2939541576664357     
   0.2924812675537292     
   0.2910192722753725     
   0.2895682026259941     
   0.2881280876639317     
   0.2866989547354815     
   0.2852808294990428     
   0.2838737359491509     
   0.2824776964403909     
   0.2810927317111853     
   0.2797188609074468     
   0.2783561016060932     
   0.2770044698384134     
   0.2756639801132816     
   0.2743346454402116     
   0.2730164773522457     
   0.2717094859286728     
   0.2704136798175693     
   0.2691290662581586     
   0.2678556511029818     
   0.2665934388398771     
   0.2653424326137611     
   0.2641026342482087     
   0.2628740442668251     
   0.2616566619144078     
   0.2604504851778934     
   0.2592555108070848     
   0.2580717343351547     
   0.2568991500989245     
   0.2557377512589105     
   0.2545875298191377     
   0.2534484766467169     
   0.2523205814911816     
   0.2512038330035825     
   0.2500982187553361     
   0.2490037252568257     
   0.2479203379757525     
   0.2468480413552325     
   0.2457868188316402     
   0.2447366528521945     
   0.2436975248922867     
   0.2426694154725476     
   0.2416523041756526     
   0.2406461696628642     
   0.2396509896903095     
   0.2386667411249915     
   0.2376933999605345     
   0.2367309413326611     
   0.2357793395344004     
   0.2348385680310283     
   0.2339085994747368     
   0.2329894057190340     
   0.2320809578328732     
   0.2311832261145116     
   0.2302961801050986     
   0.2294197886019926     
   0.2285540196718086     
   0.2276988406631943     
   0.2268542182193371     
   0.2260201182902013     
   0.2251965061444968     
   0.2243833463813793     
   0.2235806029418835     
   0.2227882391200889     
   0.2220062175740213     
   0.2212345003362885     
   0.2204730488244534     
   0.2197218238511449     
   0.2189807856339072     
   0.2182498938047913     
   0.2175291074196864     
   0.2168183849673966     
   0.2161176843784626     
   0.2154269630337298     
   0.2147461777726664     
   0.2140752849014311     
   0.2134142402006947     
   0.2127629989332153     
   0.2121215158511720     
   0.2114897452032563     
   0.2108676407415260     
   0.2102551557280219     
   0.2096522429411522     
   0.2090588546818439     
   0.2084749427794666     
   0.2079004585975301     
   0.2073353530391576     
   0.2067795765523397     
   0.2062330791349691     
   0.2056958103396612     
   0.2051677192783623     
   0.2046487546267486     
   0.2041388646284196     
   0.2036379970988879     
   0.2031460994293699     
   0.2026631185903796     
   0.2021890011351293     
   0.2017236932027402     
   0.2012671405212664     
   0.2008192884105363     
   0.2003800817848134     
   0.1999494651552822     
   0.1995273826323608     
   0.1991137779278444     
   0.1987085943568849     
   0.1983117748398073     
   0.1979232619037702     
   0.1975429976842705     
   0.1971709239265004     
   0.1968069819865561     
   0.1964511128325059     
   0.1961032570453194     
   0.1957633548196634     
   0.1954313459645665     
   0.1951071699039591     
   0.1947907656770914     
   0.1944820719388331     
   0.1941810269598609     
   0.1938875686267363     
   0.1936016344418786     
   0.1933231615234385     
   0.1930520866050744     
   0.1927883460356384     
   0.1925318757787743     
   0.1922826114124335     
   0.1920404881283125     
   0.1918054407312170     
   0.1915774036383573     
   0.1913563108785784     
   0.1911420960915317     
   0.1909346925267903     
   0.1907340330429150     
   0.1905400501064741     
   0.1903526757910217     
   0.1901718417760416     
   0.1899974793458578     
   0.1898295193885192     
   0.1896678923946639     
   0.1895125284563639     
   0.1893633572659603     
   0.1892203081148898     
   0.1890833098925102     
   0.1889522910849272     
   0.1888271797738302     
   0.1887079036353400     
   0.1885943899388738     
   0.1884865655460338     
   0.1883843569095218     
   0.1882876900720881     
   0.1881964906655163     
   0.1881106839096516     
   0.1880301946114763     
   0.1879549471642381     
   0.1878848655466357     
   0.1878198733220675     
   0.1877598936379472     
   0.1877048492250926     
   0.1876546623971923     
   0.1876092550503541     
   0.1875685486627424     
   0.1875324642943072     
   0.1875009225866112     
   0.1874738437627598     
   0.1874511476274383     
   0.1874327535670620     
   0.1874185805500430     
   0.1874085471271807     
   0.1874025714321785     
   0.1874005711822931     
   0.1874024636791205     
   0.1874081658095243     
   0.1874175940467101     
   0.1874306644514513     
   0.1874472926734716     
   0.1874673939529866     
   0.1874908831224131     
   0.1875176746082467     
   0.1875476824331141     
   0.1875808202180054     
   0.1876170011846889     
   0.1876561381583147     
   0.1876981435702102     
   0.1877429294608725     
   0.1877904074831613     
   0.1878404889056975     
   0.1878930846164710     
   0.1879481051266614     
   0.1880054605746764     
   0.1880650607304119     
   0.1881268149997364     
   0.1881906324292052     
   0.1882564217110068     
   0.1883240911881457     
   0.1883935488598658     
   0.1884647023873158     
   0.1885374590994628     
   0.1886117259992549     
   0.1886874097700373     
   0.1887644167822255     
   0.1888426531002364     
   0.1889220244896831     
   0.1890024364248337     
   0.1890837940963380     
   0.1891660024192253     
   0.1892489660411739     
   0.1893325893510560     
   0.1894167764877603     
   0.1895014313492935     
   0.1895864576021637     
   0.1896717586910464     
   0.1897572378487360     
   0.1898427981063834     
   0.1899283423040221     
   0.1900137731013828     
   0.1900989929889993     
   0.1901839042996050     
   0.1902684092198222     
   0.1903524098021443     
   0.1904358079772117     
   0.1905185055663815     
   0.1906004042945911     
   0.1906814058035169     
   0.1907614116650267     
   0.1908403233949260     
   0.1909180424669979     
   0.1909944703273363     
   0.1910695084089710     
   0.1911430581467838     
   0.1912150209927152     
   0.1912852984312598     
   0.1913537919952486     
   0.1914204032819175     
   0.1914850339692595     
   0.1915475858326582     
   0.1916079607618013     
   0.1916660607778709     
   0.1917217880510086     
   0.1917750449180517     
   0.1918257339005379     
   0.1918737577229762     
   0.1919190193313788     
   0.1919614219120519     
   0.1920008689106405     
   0.1920372640514242     
   0.1920705113568584     
   0.1921005151673582     
   0.1921271801613182     
   0.1921504113753660     
   0.1921701142248409     
   0.1921861945244967     
   0.1921985585094188     
   0.1922071128561534     
   0.1922117647040407     
   0.1922124216767467     
   0.1922089919039882     
   0.1922013840434423     
   0.1921895073028359     
   0.1921732714622066     
   0.1921525868963291     
   0.1921273645972987     
   0.1920975161972651     
   0.1920629539913081     
   0.1920235909604480     
   0.1919793407947814     
   0.1919301179167354     
   0.1918758375044308     
   0.1918164155151450     
   0.1917517687088672     
   0.1916818146719357     
   0.1916064718407477     
   0.1915256595255330     
   0.1914392979341813     
   0.1913473081961135     
   0.1912496123861872     
   0.1911461335486242     
   0.1910367957209542     
   0.1909215239579581     
   0.1908002443556052     
   0.1906728840749713     
   0.1905393713661264     
   0.1903996355919817     
   0.1902536072520843     
   0.1901012180063481     
   0.1899424006987093     
   0.1897770893806948     
   0.1896052193348922     
   0.1894267270983083     
   0.1892415504856056     
   0.1890496286122031     
   0.1888509019172303     
   0.1886453121863215     
   0.1884328025742381     
   0.1882133176273066     
   0.1879868033056594     
   0.1877532070052659     
   0.1875124775797410     
   0.1872645653619193     
   0.1870094221851799     
   0.1867470014045121     
   0.1864772579173059     
   0.1862001481838573     
   0.1859156302475733     
   0.1856236637548653     
   0.1853242099747164     
   0.1850172318179114     
   0.1847026938559159     
   0.1843805623393908     
   0.1840508052163310     
   0.1837133921498147     
   0.1833682945353500     
   0.1830154855178076     
   0.1826549400079256     
   0.1822866346983755     
   0.1819105480793748     
   0.1815266604538364     
   0.1811349539520402     
   0.1807354125458174     
   0.1803280220622329     
   0.1799127701967560     
   0.1794896465259069     
   0.1790586425193675     
   0.1786197515515451     
   0.1781729689125783     
   0.1777182918187739     
   0.1772557194224633     
   0.1767852528212693     
   0.1763068950667712     
   0.1758206511725598     
   0.1753265281216705     
   0.1748245348733866     
   0.1743146823694021     
   0.1737969835393355     
   0.1732714533055853     
   0.1727381085875188     
   0.1721969683049861     
   0.1716480533811499     
   0.1710913867446259     
   0.1705269933309234     
   0.1699549000831812     
   0.1693751359521911     
   0.1687877318957021     
   0.1681927208770009     
   0.1675901378627606     
   0.1669800198201533     
   0.1663624057132231     
   0.1657373364985116     
   0.1651048551199344     
   0.1644650065029032     
   0.1638178375476909     
   0.1631633971220358     
   0.1625017360529829     
   0.1618329071179590     
   0.1611569650350819     
   0.1604739664526988     
   0.1597839699381569     
   0.1590870359658023     
   0.1583832269042090     
   0.1576726070026373     
   0.1569552423767237     
   0.1562312009934012     
   0.1555005526550546     
   0.1547633689829100     
   0.1540197233996636     
   0.1532696911113508     
   0.1525133490884613     
   0.1517507760463012     
   0.1509820524246101     
   0.1502072603664351     
   0.1494264836962687     
   0.1486398078974562     
   0.1478473200888789     
   0.1470491090009190     
   0.1462452649507159     
   0.1454358798167182     
   0.1446210470125431     
   0.1438008614601490     
   0.1429754195623327     
   0.1421448191745589     
   0.1413091595761337     
   0.1404685414407315     
   0.1396230668062868     
   0.1387728390442620     
   0.1379179628283035     
   0.1370585441022978     
   0.1361946900478411     
   0.1353265090511346     
   0.1344541106693196     
   0.1335776055962671     
   0.1326971056278346     
   0.1318127236266061     
   0.1309245734861310     
   0.1300327700946752     
   0.1291374292985033     
   0.1282386678647059     
   0.1273366034435896     
   0.1264313545306468     
   0.1255230404281224     
   0.1246117812061949     
   0.1236976976637904     
   0.1227809112890474     
   0.1218615442194514     
   0.1209397192016570     
   0.1200155595510189     
   0.1190891891108485     
   0.1181607322114181     
   0.1172303136287311     
   0.1162980585430791     
   0.1153640924974055     
   0.1144285413554968     
   0.1134915312600223     
   0.1125531885904424     
   0.1116136399208072     
   0.1106730119774660     
   0.1097314315967096     
   0.1087890256823661     
   0.1078459211633724     
   0.1069022449513422     
   0.1059581238981529     
   0.1050136847535729     
   0.1040690541229498     
   0.1031243584249834     
   0.1021797238496035     
   0.1012352763159752     
   0.1002911414306522     
   9.9347444445901573E-002
   9.8404310218219923E-002
   9.7461863167063151E-002
   9.6520227233811304E-002
   9.5579525840989735E-002
   9.4639881851767416E-002
   9.3701417529754222E-002
   9.2764254499117044E-002
   9.1828513705036460E-002
   9.0894315374523763E-002
   8.9961778977619089E-002
   8.9031023188990574E-002
   8.8102165849954284E-002
   8.7175323930935050E-002
   8.6250613494387035E-002
   8.5328149658193325E-002
   8.4408046559563479E-002
   8.3490417319447216E-002
   8.2575374007482855E-002
   8.1663027607497829E-002
   8.0753487983579106E-002
   7.9846863846730676E-002
   7.8943262722134547E-002
   7.8042790917031951E-002
   7.7145553489240432E-002
   7.6251654216322795E-002
   7.5361195565422381E-002
   7.4474278663780133E-002
   7.3591003269947039E-002
   7.2711467745706235E-002
   7.1835769028717800E-002
   7.0964002605899135E-002
   7.0096262487553462E-002
   6.9232641182258040E-002
   6.8373229672523808E-002
   6.7518117391236865E-002
   6.6667392198892519E-002
   6.5821140361631447E-002
   6.4979446530087345E-002
   6.4142393719054808E-002
   6.3310063287985552E-002
   6.2482534922320553E-002
   6.1659886615665377E-002
   6.0842194652814902E-002
   6.0029533593633701E-002
   5.9221976257797099E-002
   5.8419593710398031E-002
   5.7622455248423660E-002
   5.6830628388105528E-002
   5.6044178853146262E-002
   5.5263170563825223E-002
   5.4487665626985232E-002
   5.3717724326901403E-002
   5.2953405117032962E-002
   5.2194764612658220E-002
   5.1441857584392250E-002
   5.0694736952586229E-002
   4.9953453782606856E-002
   4.9218057280993870E-002
   4.8488594792492665E-002
   4.7765111797959059E-002
   4.7047651913132066E-002
   4.6336256888270477E-002
   4.5630966608648370E-002
   4.4931819095903817E-002
   4.4238850510235045E-002
   4.3552095153437359E-002
   4.2871585472773824E-002
   4.2197352065672107E-002
   4.1529423685239431E-002
   4.0867827246586969E-002
   4.0212587833954809E-002
   3.9563728708627829E-002
   3.8921271317632358E-002
   3.8285235303203519E-002
   3.7655638513011881E-002
   3.7032497011138525E-002
   3.6415825089786441E-002
   3.5805635281716236E-002
   3.5201938373393513E-002
   3.4604743418835050E-002
   3.4014057754140299E-002
   3.3429887012694615E-002
   3.2852235141030181E-002
   3.2281104415330178E-002
   3.1716495458561533E-002
   3.1158407258221301E-002
   3.0606837184681268E-002
   3.0061781010115321E-002
   2.9523232927993661E-002
   2.8991185573127867E-002
   2.8465630042250400E-002
   2.7946555915112109E-002
   2.7433951276080927E-002
   2.6927802736224977E-002
   2.6428095455862752E-002
   2.5934813167563416E-002
   2.5447938199579644E-002
   2.4967451499695596E-002
   2.4493332659472372E-002
   2.4025559938873231E-002
   2.3564110291250905E-002
   2.3108959388679001E-002
   2.2660081647609739E-002
   2.2217450254840107E-002
   2.1781037193768418E-002
   2.1350813270923481E-002
   2.0926748142748405E-002
   2.0508810342621191E-002
   2.0096967308094293E-002
   1.9691185408335466E-002
   1.9291429971752087E-002
   1.8897665313781571E-002
   1.8509854764830282E-002
   1.8127960698343621E-002
   1.7751944558990193E-002
   1.7381766890942875E-002
   1.7017387366240054E-002
   1.6658764813210193E-002
   1.6305857244943441E-002
   1.5958621887793775E-002
   1.5617015209895776E-002
   1.5280992949680184E-002
   1.4950510144372615E-002
   1.4625521158460192E-002
   1.4305979712110992E-002
   1.3991838909531628E-002
   1.3683051267248454E-002
   1.3379568742298314E-002
   1.3081342760314960E-002
   1.2788324243497663E-002
   1.2500463638448922E-002
   1.2217710943868424E-002
   1.1940015738090838E-002
   1.1667327206455438E-002
   1.1399594168495807E-002
   1.1136765104938417E-002
   1.0878788184499170E-002
   1.0625611290467456E-002
   1.0377182047067657E-002
   1.0133447845588527E-002
   9.8943558702711907E-003
   9.6598531239471472E-003
   9.4298864534178486E-003
   9.2044025745681244E-003
   8.9833480972060804E-003
   8.7666695496225432E-003
   8.5543134028636947E-003
   8.3462260947109405E-003
   8.1423540533626139E-003
   7.9426437208125669E-003
   7.7470415759212496E-003
   7.5554941571753659E-003
   7.3679480851326995E-003
   7.1843500845492781E-003
   7.0046470061865471E-003
   6.8287858482967033E-003
   6.6567137777850203E-003
   6.4883781510483981E-003
   6.3237265344900252E-003
   6.1627067247105542E-003
   6.0052667683767932E-003
   5.8513549817694414E-003
   5.7009199700120521E-003
   5.5539106459839135E-003
   5.4102762489201912E-003
   5.2699663627032651E-003
   5.1329309338497848E-003
   4.9991202891986304E-003
   4.8684851533055398E-003
   4.7409766655508376E-003
   4.6165463969673618E-003
   4.4951463667962793E-003
   4.3767290587792378E-003
   4.2612474371958951E-003
   4.1486549626566374E-003
   4.0389056076609395E-003
   3.9319538719325975E-003
   3.8277547975437490E-003
   3.7262639838404029E-003
   3.6274376021829158E-003
   3.5312324105156783E-003
   3.4376057677810768E-003
   3.3465156481936125E-003
   3.2579206553909287E-003
   3.1717800364793620E-003
   3.0880536959925499E-003
   3.0067022097825381E-003
   2.9276868388638209E-003
