    1.000000000000000     
   0.9995338957698359     
   0.9990674981476635     
   0.9986005202881185     
   0.9981326816524136     
   0.9976637077805633     
   0.9971933300753999     
   0.9967212855978985     
   0.9962473168733559     
   0.9957711717079802     
   0.9952926030154765     
   0.9948113686532239     
   0.9943272312676626     
   0.9938399581485221     
   0.9933493210915396     
   0.9928550962693306     
   0.9923570641100896     
   0.9918550091838108     
   0.9913487200957306     
   0.9908379893867088     
   0.9903226134402724     
   0.9898023923960613     
   0.9892771300694204     
   0.9887466338768977     
   0.9882107147674122     
   0.9876691871588683     
   0.9871218688799986     
   0.9865685811172266     
   0.9860091483663468     
   0.9854433983888304     
   0.9848711621725650     
   0.9842922738968499     
   0.9837065709014706     
   0.9831138936596830     
   0.9825140857549423     
   0.9819069938612193     
   0.9812924677267492     
   0.9806703601610620     
   0.9800405270251527     
   0.9794028272246471     
   0.9787571227058289     
   0.9781032784543936     
   0.9774411624968007     
   0.9767706459040970     
   0.9760916027980904     
   0.9754039103597519     
   0.9747074488397313     
   0.9740021015708717     
   0.9732877549826121     
   0.9725642986171692     
   0.9718316251473923     
   0.9710896303961877     
   0.9703382133574117     
   0.9695772762181306     
   0.9688067243821542     
   0.9680264664947426     
   0.9672364144683979     
   0.9664364835096453     
   0.9656265921467159     
   0.9648066622580428     
   0.9639766191014835     
   0.9631363913441843     
   0.9622859110930030     
   0.9614251139254096     
   0.9605539389207820     
   0.9596723286920212     
   0.9587802294174059     
   0.9578775908726124     
   0.9569643664628240     
   0.9560405132548576     
   0.9551059920092347     
   0.9541607672121267     
   0.9532048071071054     
   0.9522380837266300     
   0.9512605729232044     
   0.9502722544001395     
   0.9492731117418556     
   0.9482631324436622     
   0.9472423079409551     
   0.9462106336377666     
   0.9451681089346150     
   0.9441147372555903     
   0.9430505260746231     
   0.9419754869408811     
   0.9408896355032356     
   0.9397929915337512     
   0.9386855789501424     
   0.9375674258371489     
   0.9364385644667821     
   0.9352990313173920     
   0.9341488670915126     
   0.9329881167324378     
   0.9318168294394862     
   0.9306350586819125     
   0.9294428622114247     
   0.9282403020732677     
   0.9270274446158375     
   0.9258043604987870     
   0.9245711246995901     
   0.9233278165185314     
   0.9220745195820872     
   0.9208113218446710     
   0.9195383155887107     
   0.9182555974230331     
   0.9169632682795280     
   0.9156614334080688     
   0.9143502023696660     
   0.9130296890278320     
   0.9117000115381388     
   0.9103612923359491     
   0.9090136581223048     
   0.9076572398479581     
   0.9062921726955304     
   0.9049185960597899     
   0.9035366535260337     
   0.9021464928465701     
   0.9007482659152898     
   0.8993421287403229     
   0.8979282414147787     
   0.8965067680855620     
   0.8950778769202693     
   0.8936417400721641     
   0.8921985336432325     
   0.8907484376453246     
   0.8892916359593875     
   0.8878283162927951     
   0.8863586701347850     
   0.8848828927100119     
   0.8834011829302295     
   0.8819137433441142     
   0.8804207800852445     
   0.8789225028182526     
   0.8774191246831669     
   0.8759108622379632     
   0.8743979353993456     
   0.8728805673817783     
   0.8713589846347941     
   0.8698334167786005     
   0.8683040965380129     
   0.8667712596747408     
   0.8652351449180552     
   0.8636959938938686     
   0.8621540510522576     
   0.8606095635934610     
   0.8590627813923877     
   0.8575139569216681     
   0.8559633451732860     
   0.8544112035788274     
   0.8528577919283845     
   0.8513033722881548     
   0.8497482089167746     
   0.8481925681804290     
   0.8466367184667793     
   0.8450809300977530     
   0.8435254752412374     
   0.8419706278217252     
   0.8404166634299538     
   0.8388638592315885     
   0.8373124938749934     
   0.8357628473981398     
   0.8342152011347006     
   0.8326698376193777     
   0.8311270404925142     
   0.8295870944040413     
   0.8280502849168088     
   0.8265168984093521     
   0.8249872219781468     
   0.8234615433394020     
   0.8219401507304451     
   0.8204233328107505     
   0.8189113785626648     
   0.8174045771918816     
   0.8159032180277185     
   0.8144075904232501     
   0.8129179836553495     
   0.8114346868246929     
   0.8099579887557784     
   0.8084881778970147     
   0.8070255422209315     
   0.8055703691245640     
   0.8041229453300665     
   0.8026835567856050     
   0.8012524885665840     
   0.7998300247772570     
   0.7984164484527747     
   0.7970120414617206     
   0.7956170844091861     
   0.7942318565404357     
   0.7928566356452114     
   0.7914916979627262     
   0.7901373180873981     
   0.7887937688753683     
   0.7874613213518565     
   0.7861402446193968     
   0.7848308057670034     
   0.7835332697803092     
   0.7822478994527258     
   0.7809749552976651     
   0.7797146954618702     
   0.7784673756398952     
   0.7772332489897764     
   0.7760125660499381     
   0.7748055746573682     
   0.7736125198671091     
   0.7724336438730955     
   0.7712691859303816     
   0.7701193822787901     
   0.7689844660680203     
   0.7678646672842492     
   0.7667602126782564     
   0.7656713256951091     
   0.7645982264054327     
   0.7635411314383018     
   0.7625002539157755     
   0.7614758033891096     
   0.7604679857766664     
   0.7594770033035527     
   0.7585030544430054     
   0.7575463338595499     
   0.7566070323539537     
   0.7556853368099919     
   0.7547814301430493     
   0.7538954912505709     
   0.7530276949643824     
   0.7521782120048942     
   0.7513472089372035     
   0.7505348481291068     
   0.7497412877110361     
   0.7489666815379286     
   0.7482111791530391     
   0.7474749257537046     
   0.7467580621590650     
   0.7460607247797499     
   0.7453830455895336     
   0.7447251520989600     
   0.7440871673309438     
   0.7434692097983461     
   0.7428713934835235     
   0.7422938278198525     
   0.7417366176752234     
   0.7411998633375020     
   0.7406836605019541     
   0.7401881002606256     
   0.7397132690936734     
   0.7392592488626357     
   0.7388261168056378     
   0.7384139455345160     
   0.7380228030338556     
   0.7376527526619251     
   0.7373038531534973     
   0.7369761586245395     
   0.7366697185787602     
   0.7363845779159957     
   0.7361207769424180     
   0.7358783513825469     
   0.7356573323930482     
   0.7354577465782970     
   0.7352796160076847     
   0.7351229582346515     
   0.7349877863174183     
   0.7348741088413975     
   0.7347819299432570     
   0.7347112493366164     
   0.7346620623393445     
   0.7346343599024385     
   0.7346281286404531     
   0.7346433508634559     
   0.7346800046104792     
   0.7347380636844413     
   0.7348174976885071     
   0.7349182720638594     
   0.7350403481288510     
   0.7351836831195060     
   0.7353482302313417     
   0.7355339386624768     
   0.7357407536579974     
   0.7359686165555456     
   0.7362174648321012     
   0.7364872321519210     
   0.7367778484156055     
   0.7370892398102564     
   0.7374213288606950     
   0.7377740344817035     
   0.7381472720312603     
   0.7385409533647290     
   0.7389549868899737     
   0.7393892776233590     
   0.7398437272466063     
   0.7403182341644673     
   0.7408126935631834     
   0.7413269974696937     
   0.7418610348115575     
   0.7424146914775587     
   0.7429878503789535     
   0.7435803915113306     
   0.7441921920170464     
   0.7448231262482037     
   0.7454730658301352     
   0.7461418797253638     
   0.7468294342979993     
   0.7475355933785414     
   0.7482602183290553     
   0.7490031681086844     
   0.7497642993394688     
   0.7505434663724355     
   0.7513405213539290     
   0.7521553142921480     
   0.7529876931238570     
   0.7538375037812424     
   0.7547045902588786     
   0.7555887946807769     
   0.7564899573674821     
   0.7574079169031905     
   0.7583425102028566     
   0.7592935725792598     
   0.7602609378100034     
   0.7612444382044136     
   0.7622439046703149     
   0.7632591667806501     
   0.7642900528399188     
   0.7653363899504098     
   0.7663980040781964     
   0.7674747201188736     
   0.7685663619630076     
   0.7696727525612761     
   0.7707937139892715     
   0.7719290675119475     
   0.7730786336476806     
   0.7742422322319287     
   0.7754196824804604     
   0.7766108030521360     
   0.7778154121112173     
   0.7790333273891866     
   0.7802643662460542     
   0.7815083457311356     
   0.7827650826432777     
   0.7840343935905182     
   0.7853160950491577     
   0.7866100034222288     
   0.7879159350973454     
   0.7892337065039148     
   0.7905631341696990     
   0.7919040347767086     
   0.7932562252164139     
   0.7946195226442638     
   0.7959937445334928     
   0.7973787087282085     
   0.7987742334957444     
   0.8001801375782688     
   0.8015962402436351     
   0.8030223613354670     
   0.8044583213224660     
   0.8059039413469317     
   0.8073590432724879     
   0.8088234497310043     
   0.8102969841687060     
   0.8117794708914647     
   0.8132707351092643     
   0.8147706029798321     
   0.8162789016514354     
   0.8177954593048319     
   0.8193201051943735     
   0.8208526696882568     
   0.8223929843079180     
   0.8239408817665679     
   0.8254961960068637     
   0.8270587622377172     
   0.8286284169702341     
   0.8302049980527867     
   0.8317883447052155     
   0.8333782975521610     
   0.8349746986555255     
   0.8365773915460635     
   0.8381862212541027     
   0.8398010343393960     
   0.8414216789201066     
   0.8430480047009261     
   0.8446798630003302     
   0.8463171067769715     
   0.8479595906552162     
   0.8496071709498227     
   0.8512597056897713     
   0.8529170546412432     
   0.8545790793297577     
   0.8562456430614692     
   0.8579166109436291     
   0.8595918499042193     
   0.8612712287107600     
   0.8629546179882994     
   0.8646418902365909     
   0.8663329198464628     
   0.8680275831153875     
   0.8697257582622578     
   0.8714273254413747     
   0.8731321667556562     
   0.8748401662690725     
   0.8765512100183166     
   0.8782651860237161     
   0.8799819842993956     
   0.8817014968626968     
   0.8834236177428646     
   0.8851482429890076     
   0.8868752706773417     
   0.8886046009177238     
   0.8903361358594870     
   0.8920697796965841     
   0.8938054386720479     
   0.8955430210817800     
   0.8972824372776738     
   0.8990235996700839     
   0.9007664227296494     
   0.9025108229884803     
   0.9042567190407187     
   0.9060040315424815     
   0.9077526832111954     
   0.9095025988243346     
   0.9112537052175688     
   0.9130059312823335     
   0.9147592079628304     
   0.9165134682524683     
   0.9182686471897548     
   0.9200246818536473     
   0.9217815113583739     
   0.9235390768477337     
   0.9252973214888862     
   0.9270561904656389     
   0.9288156309712435     
   0.9305755922007108     
   0.9323360253426516     
   0.9340968835706556     
   0.9358581220342166     
   0.9376196978492138     
   0.9393815700879582     
   0.9411436997688127     
   0.9429060498453983     
   0.9446685851953905     
   0.9464312726089206     
   0.9481940807765850     
   0.9499569802770774     
   0.9517199435644484     
   0.9534829449550026     
   0.9552459606138424     
   0.9570089685410665     
   0.9587719485576321     
   0.9605348822908875     
   0.9622977531597859     
   0.9640605463597864     
   0.9658232488474516     
   0.9675858493247481     
   0.9693483382230600     
   0.9711107076869204     
   0.9728729515574716     
   0.9746350653556570     
   0.9763970462651578     
   0.9781588931150754     
   0.9799206063623717     
   0.9816821880740713     
   0.9834436419092332     
   0.9852049731006987     
   0.9869661884366216     
   0.9887272962417885     
   0.9904883063587321     
   0.9922492301286480     
   0.9940100803721176     
   0.9957708713696440     
   0.9975316188420074     
   0.9992923399304430     
    1.001053053176651     
    1.002813778502638     
    1.004574537190404     
    1.006335351861466     
    1.008096246456241     
    1.009857246213274     
    1.011618377648333     
    1.013379668533362     
    1.015141147875304     
    1.016902845894794     
    1.018664794004730     
    1.020427024788725     
    1.022189571979436     
    1.023952470436784     
    1.025715756126068     
    1.027479466095965     
    1.029243638456431     
    1.031008312356504     
    1.032773527962004     
    1.034539326433147     
    1.036305749902055     
    1.038072841450191     
    1.039840645085697     
    1.041609205720650     
    1.043378569148239     
    1.045148782019859     
    1.046919891822127     
    1.048691946853821     
    1.050464996202745     
    1.052239089722524     
    1.054014278009322     
    1.055790612378493     
    1.057568144841163     
    1.059346928080744     
    1.061127015429381     
    1.062908460844335     
    1.064691318884301     
    1.066475644685661     
    1.068261493938673     
    1.070048922863602     
    1.071837988186787     
    1.073628747116645     
    1.075421257319614     
    1.077215576896043     
    1.079011764356008     
    1.080809878595082     
    1.082609978870037     
    1.084412124774486     
    1.086216376214471     
    1.088022793383987     
    1.089831436740445     
    1.091642366980077     
    1.093455645013282     
    1.095271331939908     
    1.097089489024477     
    1.098910177671348     
    1.100733459399815     
    1.102559395819147     
    1.104388048603567     
    1.106219479467166     
    1.108053750138751     
    1.109890922336638     
    1.111731057743370     
    1.113574217980384     
    1.115420464582597     
    1.117269858972942     
    1.119122462436825     
    1.120978336096529     
    1.122837540885535     
    1.124700137522791     
    1.126566186486900     
    1.128435747990253     
    1.130308881953078     
    1.132185647977435     
    1.134066105321126     
    1.135950312871550     
    1.137838329119477     
    1.139730212132755     
    1.141626019529946     
    1.143525808453893     
    1.145429635545209     
    1.147337556915705     
    1.149249628121737     
    1.151165904137486     
    1.153086439328168     
    1.155011287423166     
    1.156940501489104     
    1.158874133902833     
    1.160812236324365     
    1.162754859669718     
    1.164702054083710     
    1.166653868912670     
    1.168610352677089     
    1.170571553044200     
    1.172537516800492     
    1.174508289824161     
    1.176483917057492     
    1.178464442479182     
    1.180449909076596     
    1.182440358817970     
    1.184435832624550     
    1.186436370342670     
    1.188442010715784     
    1.190452791356433     
    1.192468748718172     
    1.194489918067439     
    1.196516333455379     
    1.198548027689621     
    1.200585032306021     
    1.202627377540356     
    1.204675092299983     
    1.206728204135470     
    1.208786739212192     
    1.210850722281897     
    1.212920176654255     
    1.214995124168385     
    1.217075585164360     
    1.219161578454706     
    1.221253121295893     
    1.223350229359815     
    1.225452916705283     
    1.227561195749509     
    1.229675077239609     
    1.231794570224122     
    1.233919682024543     
    1.236050418206889     
    1.238186782553289     
    1.240328777033616     
    1.242476401777162     
    1.244629655044360     
    1.246788533198564     
    1.248953030677886     
    1.251123139967111     
    1.253298851569675     
    1.255480153979742     
    1.257667033654356     
    1.259859474985697     
    1.262057460273447     
    1.264260969697263     
    1.266469981289371     
    1.268684470907298     
    1.270904412206733     
    1.273129776614540     
    1.275360533301931     
    1.277596649157794     
    1.279838088762207     
    1.282084814360129     
    1.284336785835289     
    1.286593960684276     
    1.288856293990851     
    1.291123738400470     
    1.293396244095057     
    1.295673758768016     
    1.297956227599501     
    1.300243593231953     
    1.302535795745923     
    1.304832772636180     
    1.307134458788126     
    1.309440786454525     
    1.311751685232560     
    1.314067082041232     
    1.316386901099108     
    1.318711063902437     
    1.321039489203644     
    1.323372092990213     
    1.325708788463980     
    1.328049486020838     
    1.330394093230881     
    1.332742514818984     
    1.335094652645854     
    1.337450405689545     
    1.339809670027467     
    1.342172338818897     
    1.344538302288002     
    1.346907447707401     
    1.349279659382271     
    1.351654818635008     
    1.354032803790478     
    1.356413490161847     
    1.358796750037028     
    1.361182452665741     
    1.363570464247223     
    1.365960647918580     
    1.368352863743818     
    1.370746968703553     
    1.373142816685425     
    1.375540258475231     
    1.377939141748785     
    1.380339311064534     
    1.382740607856935     
    1.385142870430615     
    1.387545933955328     
    1.389949630461723     
    1.392353788837951     
    1.394758234827103     
    1.397162791025523     
    1.399567276881996     
    1.401971508697823     
    1.404375299627817     
    1.406778459682218     
    1.409180795729551     
    1.411582111500448     
    1.413982207592434     
    1.416380881475712     
    1.418777927499946     
    1.421173136902069     
    1.423566297815126     
    1.425957195278166     
    1.428345611247201     
    1.430731324607249     
    1.433114111185470     
    1.435493743765411     
    1.437869992102379     
    1.440242622939949     
    1.442611400027631     
    1.444976084139691     
    1.447336433095168     
    1.449692201779070     
    1.452043142164782     
    1.454389003337691     
    1.456729531520042     
    1.459064470097034     
    1.461393559644175     
    1.463716537955895     
    1.466033140075442     
    1.468343098326063     
    1.470646142343476     
    1.472941999109656     
    1.475230392987936     
    1.477511045759429     
    1.479783676660783     
    1.482048002423283     
    1.484303737313297     
    1.486550593174078     
    1.488788279468929     
    1.491016503325740     
    1.493234969582889     
    1.495443380836533     
    1.497641437489278     
    1.499828837800231     
    1.502005277936448     
    1.504170452025777     
    1.506324052211084     
    1.508465768705893     
    1.510595289851405     
    1.512712302174929     
    1.514816490449695     
    1.516907537756079     
    1.518985125544207     
    1.521048933697955     
    1.523098640600340     
    1.525133923200288     
    1.527154457080785     
    1.529159916528395     
    1.531149974604155     
    1.533124303215818     
    1.535082573191454     
    1.537024454354393     
    1.538949615599499     
    1.540857724970770     
    1.542748449740246     
    1.544621456488222     
    1.546476411184744     
    1.548312979272379     
    1.550130825750246     
    1.551929615259283     
    1.553709012168759     
    1.555468680663969     
    1.557208284835149     
    1.558927488767542     
    1.560625956632629     
    1.562303352780494     
    1.563959341833287     
    1.565593588779791     
    1.567205759071044     
    1.568795518717003     
    1.570362534384228     
    1.571906473494546     
    1.573427004324689     
    1.574923796106855     
    1.576396519130178     
    1.577844844843077     
    1.579268445956440     
    1.580666996547633     
    1.582040172165276     
    1.583387649934778     
    1.584709108664573     
    1.586004228953040     
    1.587272693296062     
    1.588514186195189     
    1.589728394266364     
    1.590915006349180     
    1.592073713616621     
    1.593204209685253     
    1.594306190725819     
    1.595379355574194     
    1.596423405842668     
    1.597438046031500     
    1.598422983640705     
    1.599377929282029     
    1.600302596791068     
    1.601196703339472     
    1.602059969547207     
    1.602892119594807     
    1.603692881335579     
    1.604461986407709     
    1.605199170346215     
    1.605904172694703     
    1.606576737116867     
    1.607216611507685     
    1.607823548104262     
    1.608397303596259     
    1.608937639235861     
    1.609444320947228     
    1.609917119435369     
    1.610355810294399     
    1.610760174115102     
    1.611129996591769     
    1.611465068628228     
    1.611765186443041     
    1.612030151673774     
    1.612259771480325     
    1.612453858647215     
    1.612612231684806     
    1.612734714929392     
    1.612821138642083     
    1.612871339106451     
    1.612885158724865     
    1.612862446113453     
    1.612803056195655     
    1.612706850294286     
    1.612573696222061     
    1.612403468370530     
    1.612196047797360     
    1.611951322311904     
    1.611669186559008     
    1.611349542100996     
    1.610992297497778     
    1.610597368385023     
    1.610164677550342     
    1.609694155007437     
    1.609185738068139     
    1.608639371412307     
    1.608055007155518     
    1.607432604914501     
    1.606772131870265     
    1.606073562828868     
    1.605336880279771     
    1.604562074451744     
    1.603749143366257     
    1.602898092888315     
    1.602008936774699     
    1.601081696719554     
    1.600116402397280     
    1.599113091502701     
    1.598071809788436     
    1.596992611099468     
    1.595875557404837     
    1.594720718826444     
    1.593528173664908     
    1.592298008422458     
    1.591030317822802     
    1.589725204827964     
    1.588382780652037     
    1.587003164771833     
    1.585586484934387     
    1.584132877161309     
    1.582642485749927     
    1.581115463271229     
    1.579551970564551     
    1.577952176729010     
    1.576316259111652     
    1.574644403292297     
    1.572936803065070     
    1.571193660416596     
    1.569415185500850     
    1.567601596610651     
    1.565753120145785     
    1.563869990577762     
    1.561952450411183     
    1.560000750141730     
    1.558015148210770     
    1.555995910956566     
    1.553943312562116     
    1.551857634999601     
    1.549739167971469     
    1.547588208848146     
    1.545405062602392     
    1.543190041740323     
    1.540943466229090     
    1.538665663421253     
    1.536356967975857     
    1.534017721776240     
    1.531648273844574     
    1.529248980253197     
    1.526820204032725     
    1.524362315077006     
    1.521875690044923     
    1.519360712259090     
    1.516817771601475     
    1.514247264405980     
    1.511649593348026     
    1.509025167331177     
    1.506374401370852     
    1.503697716475157     
    1.500995539522906     
    1.498268303138853     
    1.495516445566208     
    1.492740410536476     
    1.489940647136683     
    1.487117609674032     
    1.484271757538063     
    1.481403555060367     
    1.478513471371915     
    1.475601980258073     
    1.472669560011359     
    1.469716693282017     
    1.466743866926470     
    1.463751571853724     
    1.460740302869800     
    1.457710558520256     
    1.454662840930882     
    1.451597655646647     
    1.448515511468957     
    1.445416920291330     
    1.442302396933544     
    1.439172458974352     
    1.436027626582844     
    1.432868422348531     
    1.429695371110254     
    1.426508999783983     
    1.423309837189605     
    1.420098413876785     
    1.416875261949987     
    1.413640914892744     
    1.410395907391271     
    1.407140775157500     
    1.403876054751647     
    1.400602283404381     
    1.397319998838697     
    1.394029739091592     
    1.390732042335624     
    1.387427446700449     
    1.384116490094441     
    1.380799710026468     
    1.377477643427936     
    1.374150826475184     
    1.370819794412325     
    1.367485081374621     
    1.364147220212499     
    1.360806742316284     
    1.357464177441747     
    1.354120053536566     
    1.350774896567779     
    1.347429230350328     
    1.344083576376784     
    1.340738453648336     
    1.337394378507133     
    1.334051864470077     
    1.330711422064141     
    1.327373558663299     
    1.324038778327160     
    1.320707581641384     
    1.317380465559963     
    1.314057923249447     
    1.310740443935195     
    1.307428512749732     
    1.304122610583286     
    1.300823213936576     
    1.297530794775938     
    1.294245820390849     
    1.290968753253917     
    1.287700050883422     
    1.284440165708460     
    1.281189544936757     
    1.277948630425225     
    1.274717858553313     
    1.271497660099213     
    1.268288460118981     
    1.265090677828630     
    1.261904726489244     
    1.258731013295159     
    1.255569939265279     
    1.252421899137548     
    1.249287281266638     
    1.246166467524901     
    1.243059833206599     
    1.239967746935478     
    1.236890570575701     
    1.233828659146188     
    1.230782360738369     
    1.227752016437410     
    1.224737960246907     
    1.221740519017089     
    1.218760012376543     
    1.215796752667473     
    1.212851044884528     
    1.209923186617179     
    1.207013467995686     
    1.204122171640640     
    1.201249572616102     
    1.198395938386318     
    1.195561528776036     
    1.192746595934401     
    1.189951384302431     
    1.187176130584060     
    1.184421063720750     
    1.181686404869635     
    1.178972367385207     
    1.176279156804501     
    1.173606970835782     
    1.170955999350681     
    1.168326424379783     
    1.165718420111618     
    1.163132152895031     
    1.160567781244896     
    1.158025455851140     
    1.155505319591036     
    1.153007507544721     
    1.150532147013903     
    1.148079357543708     
    1.145649250947614     
    1.143241931335433     
    1.140857495144278     
    1.138496031172464     
    1.136157620616294     
    1.133842337109656     
    1.131550246766386     
    1.129281408225324     
    1.127035872698003     
    1.124813684018901     
    1.122614878698195     
    1.120439485976933     
    1.118287527884570     
    1.116159019298778     
    1.114053968007459     
    1.111972374772895     
    1.109914233397937     
    1.107879530794166     
    1.105868247051943     
    1.103880355512258     
    1.101915822840294     
    1.099974609100633     
    1.098056667833994     
    1.096161946135429     
    1.094290384733889     
    1.092441918073051     
    1.090616474393335     
    1.088813975814998     
    1.087034338422221     
    1.085277472348094     
    1.083543281860383     
    1.081831665448009     
    1.080142515908116     
    1.078475720433635     
    1.076831160701247     
    1.075208712959634     
    1.073608248117917     
    1.072029631834182     
    1.070472724603982     
    1.068937381848704     
    1.067423454003706     
    1.065930786606104     
    1.064459220382111     
    1.063008591333798     
    1.061578730825193     
    1.060169465667576     
    1.058780618203881     
    1.057412006392076     
    1.056063443887408     
    1.054734740123407     
    1.053425700391506     
    1.052136125919188     
    1.050865813946520     
    1.049614557800955     
    1.048382146970287     
    1.047168367173623     
    1.045973000430256     
    1.044795825126304     
    1.043636616078995     
    1.042495144598448     
    1.041371178546841     
    1.040264482394812     
    1.039174817274964     
    1.038101941032332     
    1.037045608271669     
    1.036005570401410     
    1.034981575674158     
    1.033973369223552     
    1.032980693097353     
    1.032003286286596     
    1.031040884750647     
    1.030093221438003     
    1.029160026302650     
    1.028241026315831     
    1.027335945473029     
    1.026444504795979     
    1.025566422329542     
    1.024701413133217     
    1.023849189267121     
    1.023009459772210     
    1.022181930644541     
    1.021366304803345     
    1.020562282052696     
    1.019769559036526     
    1.018987829186761     
    1.018216782664304     
    1.017456106292622     
    1.016705483483654     
    1.015964594155757     
    1.015233114643409     
    1.014510717598337     
    1.013797071881784     
    1.013091842447558     
    1.012394690215524     
    1.011705271935188     
    1.011023240038977     
    1.010348242484845     
    1.009679922587769     
    1.009017918839726     
    1.008361864717693     
    1.007711388479198     
    1.007066112944932     
    1.006425655267914     
    1.005789626688653     
    1.005157632275760     
    1.004529270651407     
    1.003904133701010     
    1.003281806266495     
    1.002661865822450     
    1.002043882134455     
    1.001427416898836     
    1.000812023363050     
    1.000197245925869     
