    2.000000000000000     
    2.001248450626174     
    2.002497591507957     
    2.003748095253578     
    2.005000617358594     
    2.006255796711547     
    2.007514256071771     
    2.008776602520508     
    2.010043427886429     
    2.011315309146628     
    2.012592808804099     
    2.013876475242670     
    2.015166843060334     
    2.016464433381862     
    2.017769754151580     
    2.019083300407111     
    2.020405554534902     
    2.021736986508293     
    2.023078054108855     
    2.024429203131725     
    2.025790867575608     
    2.027163469818110     
    2.028547420777034     
    2.029943120058259     
    2.031350956090787     
    2.032771306249534     
    2.034204536966419     
    2.035651003830279     
    2.037111051676140     
    2.038585014664330     
    2.040073216349933     
    2.041575969743053     
    2.043093577360329     
    2.044626331268174     
    2.046174513118136     
    2.047738394174826     
    2.049318235336802     
    2.050914287150819     
    2.052526789819811     
    2.054155973205007     
    2.055802056822517     
    2.057465249834769     
    2.059145751037123     
    2.060843748840024     
    2.062559421247003     
    2.064292935828856     
    2.066044449694324     
    2.067814109457573     
    2.069602051202780     
    2.071408400446109     
    2.073233272095383     
    2.075076770407714     
    2.076938988945383     
    2.078820010530219     
    2.080719907196769     
    2.082638740144483     
    2.084576559689195     
    2.086533405214130     
    2.088509305120680     
    2.090504276779198     
    2.092518326480022     
    2.094551449384968     
    2.096603629479508     
    2.098674839525856     
    2.100765041017157     
    2.102874184133008     
    2.105002207696492     
    2.107149039132933     
    2.109314594430564     
    2.111498778103290     
    2.113701483155735     
    2.115922591050739     
    2.118161971679500     
    2.120419483334507     
    2.122694972685437     
    2.124988274758182     
    2.127299212917146     
    2.129627598850977     
    2.131973232561862     
    2.134335902358543     
    2.136715384853177     
    2.139111444962170     
    2.141523835911123     
    2.143952299243994     
    2.146396564836603     
    2.148856350914591     
    2.151331364075931     
    2.153821299318094     
    2.156325840069980     
    2.158844658228680     
    2.161377414201172     
    2.163923756951034     
    2.166483324050232     
    2.169055741736072     
    2.171640624973369     
    2.174237577521901     
    2.176846192009195     
    2.179466050008706     
    2.182096722123411     
    2.184737768074891     
    2.187388736797904     
    2.190049166540489     
    2.192718584969628     
    2.195396509282485     
    2.198082446323221     
    2.200775892705408     
    2.203476334940034     
    2.206183249569109     
    2.208896103304842     
    2.211614353174401     
    2.214337446670215     
    2.217064821905811     
    2.219795907777145     
    2.222530124129406     
    2.225266881929235     
    2.228005583442338     
    2.230745622416424     
    2.233486384269423     
    2.236227246282932     
    2.238967577800804     
    2.241706740432841     
    2.244444088263489     
    2.247178968065475     
    2.249910719518304     
    2.252638675431514     
    2.255362161972616     
    2.258080498899612     
    2.260792999797992     
    2.263498972322115     
    2.266197718440851     
    2.268888534687382     
    2.271570712413050     
    2.274243538045120     
    2.276906293348338     
    2.279558255690167     
    2.282198698309559     
    2.284826890589129     
    2.287442098330607     
    2.290043584033409     
    2.292630607176198     
    2.295202424501283     
    2.297758290301707     
    2.300297456710875     
    2.302819173994562     
    2.305322690845154     
    2.307807254677951     
    2.310272111929385     
    2.312716508356980     
    2.315139689340887     
    2.317540900186841     
    2.319919386430361     
    2.322274394142021     
    2.324605170233639     
    2.326910962765183     
    2.329191021252255     
    2.331444596973953     
    2.333670943280945     
    2.335869315903588     
    2.338038973259906     
    2.340179176763252     
    2.342289191129491     
    2.344368284683508     
    2.346415729664885     
    2.348430802532558     
    2.350412784268287     
    2.352360960678763     
    2.354274622696174     
    2.356153066677067     
    2.357995594699322     
    2.359801514857081     
    2.361570141553454     
    2.363300795790833     
    2.364992805458661     
    2.366645505618466     
    2.368258238786035     
    2.369830355210527     
    2.371361213150395     
    2.372850179145949     
    2.374296628288408     
    2.375699944485287     
    2.377059520721976     
    2.378374759319354     
    2.379645072187313     
    2.380869881074024     
    2.382048617810828     
    2.383180724552623     
    2.384265654013581     
    2.385302869698108     
    2.386291846126898     
    2.387232069057959     
    2.388123035702506     
    2.388964254935598     
    2.389755247501403     
    2.390495546213001     
    2.391184696146605     
    2.391822254830102     
    2.392407792425838     
    2.392940891907524     
    2.393421149231209     
    2.393848173500207     
    2.394221587123925     
    2.394541025970494     
    2.394806139513153     
    2.395016590970303     
    2.395172057439178     
    2.395272230023079     
    2.395316813952102     
    2.395305528697332     
    2.395238108078437     
    2.395114300364645     
    2.394933868369042     
    2.394696589536188     
    2.394402256022997     
    2.394050674772879     
    2.393641667583118     
    2.393175071165468     
    2.392650737199963     
    2.392068532381946     
    2.391428338462287     
    2.390730052280827     
    2.389973585793038     
    2.389158866089914     
    2.388285835411103     
    2.387354451151327     
    2.386364685860073     
    2.385316527234621     
    2.384209978106425     
    2.383045056420883     
    2.381821795210542     
    2.380540242561782     
    2.379200461575026     
    2.377802530318528     
    2.376346541775798     
    2.374832603786717     
    2.373260838982415     
    2.371631384713973     
    2.369944392975013     
    2.368200030318266     
    2.366398477766173     
    2.364539930715623     
    2.362624598836890     
    2.360652705966864     
    2.358624489996667     
    2.356540202753741     
    2.354400109878509     
    2.352204490695693     
    2.349953638080405     
    2.347647858319101     
    2.345287470965511     
    2.342872808691644     
    2.340404217133980     
    2.337882054734969     
    2.335306692579928     
    2.332678514229482     
    2.329997915547633     
    2.327265304525601     
    2.324481101101546     
    2.321645736976290     
    2.318759655425168     
    2.315823311106136     
    2.312837169864247     
    2.309801708532632     
    2.306717414730120     
    2.303584786655607     
    2.300404332879320     
    2.297176572131103     
    2.293902033085840     
    2.290581254146174     
    2.287214783222631     
    2.283803177511287     
    2.280347003269112     
    2.276846835587131     
    2.273303258161512     
    2.269716863062740     
    2.266088250502993     
    2.262418028601850     
    2.258706813150477     
    2.254955227374409     
    2.251163901695062     
    2.247333473490111     
    2.243464586852857     
    2.239557892350713     
    2.235614046782938     
    2.231633712937750     
    2.227617559348934     
    2.223566260052085     
    2.219480494340595     
    2.215360946521513     
    2.211208305671407     
    2.207023265392336     
    2.202806523568059     
    2.198558782120594     
    2.194280746767248     
    2.189973126778230     
    2.185636634734953     
    2.181271986289154     
    2.176879899922921     
    2.172461096709750     
    2.168016300076727     
    2.163546235567949     
    2.159051630609280     
    2.154533214274540     
    2.149991717053235     
    2.145427870619912     
    2.140842407605244     
    2.136236061368931     
    2.131609565774502     
    2.126963654966122     
    2.122299063147476     
    2.117616524362809     
    2.112916772280221     
    2.108200539977286     
    2.103468559729058     
    2.098721562798569     
    2.093960279229864     
    2.089185437643649     
    2.084397765035637     
    2.079597986577623     
    2.074786825421387     
    2.069965002505460     
    2.065133236364819     
    2.060292242943573     
    2.055442735410677     
    2.050585423978747     
    2.045721015726000     
    2.040850214421389     
    2.035973720352952     
    2.031092230159441     
    2.026206436665251     
    2.021317028718699     
    2.016424691033672     
    2.011530104034695     
    2.006633943705434     
    2.001736881440668     
    1.996839583901754     
    1.991942712875606     
    1.987046925137214     
    1.982152872315719     
    1.977261200764050     
    1.972372551432164     
    1.967487559743867     
    1.962606855477256     
    1.957731062648768     
    1.952860799400862     
    1.947996677893315     
    1.943139304198156     
    1.938289278198223     
    1.933447193489349     
    1.928613637286168     
    1.923789190331543     
    1.918974426809597     
    1.914169914262351     
    1.909376213509947     
    1.904593878574446     
    1.899823456607199     
    1.895065487819748     
    1.890320505418274     
    1.885589035541537     
    1.880871597202320     
    1.876168702232332     
    1.871480855230553     
    1.866808553515003     
    1.862152287077898     
    1.857512538544176     
    1.852889783133349     
    1.848284488624665     
    1.843697115325550     
    1.839128116043277     
    1.834577936059852     
    1.830047013110068     
    1.825535777362700     
    1.821044651404789     
    1.816574050229000     
    1.812124381223993     
    1.807696044167779     
    1.803289431224024     
    1.798904926941242     
    1.794542908254861     
    1.790203744492090     
    1.785887797379570     
    1.781595421053745     
    1.777326962073920     
    1.773082759437954     
    1.768863144600547     
    1.764668441494067     
    1.760498966551879     
    1.756355028734123     
    1.752236929555897     
    1.748144963117783     
    1.744079416138695     
    1.740040567990972     
    1.736028690737679     
    1.732044049172073     
    1.728086900859172     
    1.724157496179379     
    1.720256078374124     
    1.716382883593460     
    1.712538140945564     
    1.708722072548100     
    1.704934893581392     
    1.701176812343350     
    1.697448030306108     
    1.693748742174318     
    1.690079135945047     
    1.686439392969242     
    1.682829688014694     
    1.679250189330461     
    1.675701058712706     
    1.672182451571886     
    1.668694517001261     
    1.665237397846653     
    1.661811230777430     
    1.658416146358648     
    1.655052269124310     
    1.651719717651702     
    1.648418604636738     
    1.645149036970295     
    1.641911115815466     
    1.638704936685702     
    1.635530589523789     
    1.632388158781618     
    1.629277723500700     
    1.626199357393386     
    1.623153128924748     
    1.620139101395069     
    1.617157333022911     
    1.614207877028715     
    1.611290781718883     
    1.608406090570313     
    1.605553842315337     
    1.602734071027028     
    1.599946806204828     
    1.597192072860470     
    1.594469891604146     
    1.591780278730883     
    1.589123246307094     
    1.586498802257269     
    1.583906950450761     
    1.581347690788640     
    1.578821019290573     
    1.576326928181701     
    1.573865405979484     
    1.571436437580459     
    1.569040004346906     
    1.566676084193377     
    1.564344651673046     
    1.562045678063875     
    1.559779131454541     
    1.557544976830109     
    1.555343176157415     
    1.553173688470137     
    1.551036469953521     
    1.548931474028735     
    1.546858651436831     
    1.544817950322280     
    1.542809316316057     
    1.540832692618265     
    1.538888020080247     
    1.536975237286193     
    1.535094280634191     
    1.533245084416722     
    1.531427580900567     
    1.529641700406098     
    1.527887371385958     
    1.526164520503069     
    1.524473072707996     
    1.522812951315609     
    1.521184078081043     
    1.519586373274940     
    1.518019755757948     
    1.516484143054463     
    1.514979451425598     
    1.513505595941368     
    1.512062490552067     
    1.510650048158826     
    1.509268180683347     
    1.507916799136781     
    1.506595813687752     
    1.505305133729512     
    1.504044667946208     
    1.502814324378253     
    1.501614010486796     
    1.500443633217267     
    1.499303099061999     
    1.498192314121912     
    1.497111184167243     
    1.496059614697331     
    1.495037510999424     
    1.494044778206521     
    1.493081321354226     
    1.492147045436621     
    1.491241855461132     
    1.490365656502400     
    1.489518353755138     
    1.488699852585973     
    1.487910058584267     
    1.487148877611909     
    1.486416215852075     
    1.485711979856955     
    1.485036076594432     
    1.484388413493716     
    1.483768898489934     
    1.483177440067661     
    1.482613947303394     
    1.482078329906972     
    1.481570498261925     
    1.481090363464763     
    1.480637837363198     
    1.480212832593292     
    1.479815262615540     
    1.479445041749872     
    1.479102085209587     
    1.478786309134208     
    1.478497630621263     
    1.478235967756987     
    1.478001239645943     
    1.477793366439572     
    1.477612269363659     
    1.477457870744721     
    1.477330094035321     
    1.477228863838298     
    1.477154105929921     
    1.477105747281975     
    1.477083716082756     
    1.477087941757000     
    1.477118354984743     
    1.477174887719096     
    1.477257473202955     
    1.477366045984647     
    1.477500541932495     
    1.477660898248330     
    1.477847053479927     
    1.478058947532388     
    1.478296521678459     
    1.478559718567787     
    1.478848482235130     
    1.479162758107504     
    1.479502493010285     
    1.479867635172258     
    1.480258134229627     
    1.480673941228975     
    1.481115008629188     
    1.481581290302345     
    1.482072741533565     
    1.482589319019834     
    1.483130980867799     
    1.483697686590537     
    1.484289397103306     
    1.484906074718279     
    1.485547683138263     
    1.486214187449410     
    1.486905554112919     
    1.487621750955740     
    1.488362747160274     
    1.489128513253086     
    1.489919021092623     
    1.490734243855945     
    1.491574156024479     
    1.492438733368791     
    1.493327952932389     
    1.494241793014554     
    1.495180233152213     
    1.496143254100843     
    1.497130837814433     
    1.498142967424487     
    1.499179627218089     
    1.500240802615024     
    1.501326480143969     
    1.502436647417755     
    1.503571293107703     
    1.504730406917043     
    1.505913979553429     
    1.507122002700532     
    1.508354468988751     
    1.509611371965014     
    1.510892706061702     
    1.512198466564688     
    1.513528649580496     
    1.514883252002599     
    1.516262271476851     
    1.517665706366064     
    1.519093555713736     
    1.520545819206943     
    1.522022497138390     
    1.523523590367643     
    1.525049100281541     
    1.526599028753791     
    1.528173378103771     
    1.529772151054533     
    1.531395350690018     
    1.533042980411500     
    1.534715043893257     
    1.536411545037487     
    1.538132487928465     
    1.539877876785972     
    1.541647715917984     
    1.543442009672639     
    1.545260762389503     
    1.547103978350124     
    1.548971661727901     
    1.550863816537277     
    1.552780446582256     
    1.554721555404270     
    1.556687146229399     
    1.558677221914955     
    1.560691784895452     
    1.562730837127954     
    1.564794380036847     
    1.566882414458005     
    1.568994940582406     
    1.571131957899180     
    1.573293465138122     
    1.575479460211666     
    1.577689940156365     
    1.579924901073847     
    1.582184338071314     
    1.584468245201549     
    1.586776615402488     
    1.589109440436346     
    1.591466710828331     
    1.593848415804946     
    1.596254543231914     
    1.598685079551729     
    1.601140009720860     
    1.603619317146621     
    1.606122983623729     
    1.608650989270566     
    1.611203312465168     
    1.613779929780953     
    1.616380815922221     
    1.619005943659433     
    1.621655283764300     
    1.624328804944692     
    1.627026473779406     
    1.629748254652791     
    1.632494109689280     
    1.635263998687823     
    1.638057879056272     
    1.640875705745714     
    1.643717431184803     
    1.646583005214090     
    1.649472375020396     
    1.652385485071241     
    1.655322277049353     
    1.658282689787301     
    1.661266659202248     
    1.664274118230875     
    1.667304996764501     
    1.670359221584405     
    1.673436716297409     
    1.676537401271720     
    1.679661193573082     
    1.682808006901251     
    1.685977751526837     
    1.689170334228521     
    1.692385658230706     
    1.695623623141600     
    1.698884124891787     
    1.702167055673302     
    1.705472303879248     
    1.708799754043984     
    1.712149286783911     
    1.715520778738899     
    1.718914102514377     
    1.722329126624120     
    1.725765715433773     
    1.729223729105137     
    1.732703023541248     
    1.736203450332297     
    1.739724856702408     
    1.743267085457317     
    1.746829974932980     
    1.750413358945158     
    1.754017066739994     
    1.757640922945625     
    1.761284747524879     
    1.764948355729058     
    1.768631558052879     
    1.772334160190578     
    1.776055962993235     
    1.779796762427337     
    1.783556349534627     
    1.787334510393272     
    1.791131026080373     
    1.794945672635879     
    1.798778221027903     
    1.802628437119518     
    1.806496081637029     
    1.810380910139783     
    1.814282672991538     
    1.818201115333434     
    1.822135977058593     
    1.826086992788393     
    1.830053891850439     
    1.834036398258272     
    1.838034230692849     
    1.842047102485832     
    1.846074721604704     
    1.850116790639772     
    1.854173006793056     
    1.858243061869133     
    1.862326642267937     
    1.866423428979564     
    1.870533097581114     
    1.874655318235583     
    1.878789755692870     
    1.882936069292883     
    1.887093912970819     
    1.891262935264616     
    1.895442779324613     
    1.899633082925460     
    1.903833478480280     
    1.908043593057132     
    1.912263048397788     
    1.916491460938857     
    1.920728441835269     
    1.924973596986156     
    1.929226527063147     
    1.933486827541092     
    1.937754088731253     
    1.942027895816966     
    1.946307828891795     
    1.950593463000215     
    1.954884368180815     
    1.959180109512053     
    1.963480247160584     
    1.967784336432151     
    1.972091927825088     
    1.976402567086411     
    1.980715795270535     
    1.985031148800616     
    1.989348159532524     
    1.993666354821465     
    1.997985257591248     
    2.002304386406204     
    2.006623255545773     
    2.010941375081748     
    2.015258250958172     
    2.019573385073916     
    2.023886275367903     
    2.028196415906999     
    2.032503296976553     
    2.036806405173595     
    2.041105223502663     
    2.045399231474275     
    2.049687905206021     
    2.053970717526262     
    2.058247138080434     
    2.062516633439938     
    2.066778667213592     
    2.071032700161636     
    2.075278190312272     
    2.079514593080711     
    2.083741361390709     
    2.087957945798566     
    2.092163794619566     
    2.096358354056824     
    2.100541068332517     
    2.104711379821465     
    2.108868729187032     
    2.113012555519308     
    2.117142296475543     
    2.121257388422789     
    2.125357266582716     
    2.129441365178560     
    2.133509117584154     
    2.137559956475007     
    2.141593313981384     
    2.145608621843329     
    2.149605311567591     
    2.153582814586410     
    2.157540562418080     
    2.161477986829277     
    2.165394519999059     
    2.169289594684497     
    2.173162644387881     
    2.177013103525434     
    2.180840407597464     
    2.184643993359912     
    2.188423298997201     
    2.192177764296347     
    2.195906830822244     
    2.199609942094060     
    2.203286543762672     
    2.206936083789064     
    2.210558012623622     
    2.214151783386231     
    2.217716852047127     
    2.221252677608388     
    2.224758722286016     
    2.228234451692514     
    2.231679335019869     
    2.235092845222882     
    2.238474459202723     
    2.241823657990664     
    2.245139926931872     
    2.248422755869192     
    2.251671639326826     
    2.254886076693813     
    2.258065572407225     
    2.261209636134986     
    2.264317782958218     
    2.267389533553032     
    2.270424414371641     
    2.273421957822748     
    2.276381702451059     
    2.279303193115874     
    2.282185981168621     
    2.285029624629268     
    2.287833688361486     
    2.290597744246492     
    2.293321371355461     
    2.296004156120404     
    2.298645692503430     
    2.301245582164283     
    2.303803434626053     
    2.306318867438976     
    2.308791506342212     
    2.311220985423515     
    2.313606947276686     
    2.315949043156720     
    2.318246933132555     
    2.320500286237314     
    2.322708780615951     
    2.324872103670213     
    2.326989952200815     
    2.329062032546735     
    2.331088060721546     
    2.333067762546679     
    2.335000873781542     
    2.336887140250393     
    2.338726317965888     
    2.340518173249211     
    2.342262482846701     
    2.343959034042895     
    2.345607624769903     
    2.347208063713031     
    2.348760170412576     
    2.350263775361705     
    2.351718720100362     
    2.353124857305105     
    2.354482050874815     
    2.355790176012199     
    2.357049119301027     
    2.358258778779020     
    2.359419064006341     
    2.360529896129622     
    2.361591207941450     
    2.362602943935289     
    2.363565060355740     
    2.364477525244125     
    2.365340318479308     
    2.366153431813747     
    2.366916868904678     
    2.367630645340442     
    2.368294788661880     
    2.368909338378764     
    2.369474345981241     
    2.369989874946250     
    2.370456000738876     
    2.370872810808634     
    2.371240404580639     
    2.371558893441656     
    2.371828400721006     
    2.372049061666316     
    2.372221023414107     
    2.372344444955198     
    2.372419497094943     
    2.372446362408274     
    2.372425235189577     
    2.372356321397390     
    2.372239838593931     
    2.372076015879483     
    2.371865093821627     
    2.371607324379367     
    2.371302970822145     
    2.370952307643789     
    2.370555620471410     
    2.370113205969288     
    2.369625371737771     
    2.369092436207241     
    2.368514728527167     
    2.367892588450312     
    2.367226366212124     
    2.366516422405371     
    2.365763127850074     
    2.364966863458791     
    2.364128020097313     
    2.363246998440844     
    2.362324208825723     
    2.361360071096752     
    2.360355014450228     
    2.359309477272724     
    2.358223906975716     
    2.357098759826138     
    2.355934500772940     
    2.354731603269744     
    2.353490549093685     
    2.352211828160534     
    2.350895938336191     
    2.349543385244650     
    2.348154682072541     
    2.346730349370344     
    2.345270914850388     
    2.343776913181731     
    2.342248885782048     
    2.340687380606621     
    2.339092951934563     
    2.337466160152371     
    2.335807571534947     
    2.334117758024195     
    2.332397297005315     
    2.330646771080921     
    2.328866767843110     
    2.327057879643601     
    2.325220703362076     
    2.323355840172855     
    2.321463895310020     
    2.319545477831147     
    2.317601200379745     
    2.315631678946563     
    2.313637532629877     
    2.311619383394905     
    2.309577855832489     
    2.307513576917151     
    2.305427175764700     
    2.303319283389496     
    2.301190532461510     
    2.299041557063333     
    2.296872992447251     
    2.294685474792536     
    2.292479640963079     
    2.290256128265502     
    2.288015574207891     
    2.285758616259276     
    2.283485891609991     
    2.281198036933056     
    2.278895688146703     
    2.276579480178176     
    2.274250046728947     
    2.271908020041461     
    2.269554030667545     
    2.267188707238609     
    2.264812676237751     
    2.262426561773908     
    2.260030985358148     
    2.257626565682248     
    2.255213918399653     
    2.252793655908949     
    2.250366387139943     
    2.247932717342485     
    2.245493247878108     
    2.243048576014633     
    2.240599294723795     
    2.238145992482035     
    2.235689253074526     
    2.233229655402541     
    2.230767773294253     
    2.228304175319056     
    2.225839424605501     
    2.223374078662915     
    2.220908689206801     
    2.218443801988089     
    2.215979956626307     
    2.213517686446758     
    2.211057518321752     
    2.208599972515979     
    2.206145562536066     
    2.203694794984379     
    2.201248169417144     
    2.198806178206905     
    2.196369306409392     
    2.193938031634835     
    2.191512823923763     
    2.189094145627320     
    2.186682451292144     
    2.184278187549822     
    2.181881793010962     
    2.179493698163887     
    2.177114325277993     
    2.174744088311749     
    2.172383392825393     
    2.170032635898293     
    2.167692206051001     
    2.165362483171985     
    2.163043838449042     
    2.160736634305378     
    2.158441224340357     
    2.156157953274877     
    2.153887156901381     
    2.151629162038469     
    2.149384286490079     
    2.147152839009212     
    2.144935119266175     
    2.142731417821285     
    2.140542016102017     
    2.138367186384529     
    2.136207191779540     
    2.134062286222478     
    2.131932714467881     
    2.129818712087963     
    2.127720505475295     
    2.125638311849543     
    2.123572339268179     
    2.121522786641114     
    2.119489843749160     
    2.117473691266257     
    2.115474500785381     
    2.113492434848048     
    2.111527646977328     
    2.109580281714286     
    2.107650474657755     
    2.105738352507338     
    2.103844033109563     
    2.101967625507065     
    2.100109229990721     
    2.098268938154602     
    2.096446832953669     
    2.094642988764073     
    2.092857471445964     
    2.091090338408696     
    2.089341638678296     
    2.087611412967100     
    2.085899693745410     
    2.084206505315078     
    2.082531863884861     
    2.080875777647445     
    2.079238246857996     
    2.077619263914106     
    2.076018813437004     
    2.074436872353909     
    2.072873409981353     
    2.071328388109383     
    2.069801761086453     
    2.068293475904905     
    2.066803472286866     
    2.065331682770421     
    2.063878032795928     
    2.062442440792307     
    2.061024818263157     
    2.059625069872553     
    2.058243093530355     
    2.056878780476890     
    2.055532015366825     
    2.054202676352085     
    2.052890635163648     
    2.051595757192050     
    2.050317901566430     
    2.049056921231953     
    2.047812663025422     
    2.046584967748925     
    2.045373670241320     
    2.044178599447391     
    2.042999578484482     
    2.041836424706424     
    2.040688949764581     
    2.039556959665794     
    2.038440254827054     
    2.037338630126685     
    2.036251874951846     
    2.035179773242141     
    2.034122103529117     
    2.033078638971443     
    2.032049147385552     
    2.031033391271504     
    2.030031127833851     
    2.029042108997270     
    2.028066081416703     
    2.027102786481773     
    2.026151960315207     
    2.025213333765012     
    2.024286632390118     
    2.023371576439225     
    2.022467880822558     
    2.021575255076227     
    2.020693403318897     
    2.019822024200441     
    2.018960810842258     
    2.018109450768901     
    2.017267625830686     
    2.016435012116891     
    2.015611279859197     
    2.014796093324947     
    2.013989110699848     
    2.013189983959661     
    2.012398358730465     
    2.011613874137024     
    2.010836162638774     
    2.010064849852947     
    2.009299554364306     
    2.008539887520942     
    2.007785453215584     
    2.007035847651820     
    2.006290659094615     
    2.005549467604489     
    2.004811844754662     
    2.004077353330493     
    2.003345547010436     
    2.002615970027772     
    2.001888156812293     
    2.001161631611089     
