    3.000000000000000     
    2.998043909095901     
    2.996086869421609     
    2.994127959993917     
    2.992166286910004     
    2.990200982680915     
    2.988231205603403     
    2.986256139168485     
    2.984274991505120     
    2.982286994857487     
    2.980291405094410     
    2.978287501249504     
    2.976274585090701     
    2.974251980717853     
    2.972219034187140     
    2.970175113161099     
    2.968119606583083     
    2.966051924375040     
    2.963971497157519     
    2.961877775990863     
    2.959770232136563     
    2.957648356837803     
    2.955511661118250     
    2.953359675598168     
    2.951191950326964     
    2.949008054631327     
    2.946807576978094     
    2.944590124851068     
    2.942355324640984     
    2.940102821547869     
    2.937832279495053     
    2.935543381054124     
    2.933235827380110     
    2.930909338156233     
    2.928563651547553     
    2.926198524162873     
    2.923813731024280     
    2.921409065543698     
    2.918984339505881     
    2.916539383057249     
    2.914074044700014     
    2.911588191291044     
    2.909081708044922     
    2.906554498540695     
    2.904006484731773     
    2.901437606958519     
    2.898847823963005     
    2.896237112905490     
    2.893605469382144     
    2.890952907443568     
    2.888279459613671     
    2.885585176908477     
    2.882870128854439     
    2.880134403505857     
    2.877378107460994     
    2.874601365876513     
    2.871804322479846     
    2.868987139579132     
    2.866149998070372     
    2.863293097441436     
    2.860416655772602     
    2.857520909733285     
    2.854606114574637     
    2.851672544117721     
    2.848720490736934     
    2.845750265338414     
    2.842762197333127     
    2.839756634604383     
    2.836733943469493     
    2.833694508635339     
    2.830638733147592     
    2.827567038333358     
    2.824479863737023     
    2.821377667049074     
    2.818260924027699     
    2.815130128412972     
    2.811985791833423     
    2.808828443704834     
    2.805658631121074     
    2.802476918736835     
    2.799283888642108     
    2.796080140228263     
    2.792866290045613     
    2.789642971652330     
    2.786410835454621     
    2.783170548538046     
    2.779922794489914     
    2.776668273212647     
    2.773407700728079     
    2.770141808972595     
    2.766871345583097     
    2.763597073673721     
    2.760319771603311     
    2.757040232733606     
    2.753759265178143     
    2.750477691541871     
    2.747196348651494     
    2.743916087276551     
    2.740637771841282     
    2.737362280127295     
    2.734090502967113     
    2.730823343928628     
    2.727561718990566     
    2.724306556209009     
    2.721058795375083     
    2.717819387663903     
    2.714589295274874     
    2.711369491063482     
    2.708160958164677     
    2.704964689608000     
    2.701781687924585     
    2.698612964746195     
    2.695459540396441     
    2.692322443474368     
    2.689202710430571     
    2.686101385136025     
    2.683019518443832     
    2.679958167744078     
    2.676918396512007     
    2.673901273849728     
    2.670907874021681     
    2.667939275984088     
    2.664996562908621     
    2.662080821700545     
    2.659193142511560     
    2.656334618247629     
    2.653506344072021     
    2.650709416903864     
    2.647944934912464     
    2.645213997007668     
    2.642517702326568     
    2.639857149716817     
    2.637233437216857     
    2.634647661533360     
    2.632100917516174     
    2.629594297631083     
    2.627128891430682     
    2.624705785023698     
    2.622326060543042     
    2.619990795612930     
    2.617701062815387     
    2.615457929156446     
    2.613262455532384     
    2.611115696196293     
    2.609018698225341     
    2.606972500989025     
    2.604978135618756     
    2.603036624479103     
    2.601148980641020     
    2.599316207357386     
    2.597539297541188     
    2.595819233246663     
    2.594156985153738     
    2.592553512056085     
    2.591009760353112     
    2.589526663546215     
    2.588105141739605     
    2.586746101146036     
    2.585450433597728     
    2.584219016062818     
    2.583052710167630     
    2.581952361725077     
    2.580918800269489     
    2.579952838598166     
    2.579055272319946     
    2.578226879411080     
    2.577468419778690     
    2.576780634832089     
    2.576164247062244     
    2.575619959629629     
    2.575148455960759     
    2.574750399353627     
    2.574426432592322     
    2.574177177571053     
    2.574003234927820     
    2.573905183687975     
    2.573883580917868     
    2.573938961388826     
    2.574071837251652     
    2.574282697721851     
    2.574572008775790     
    2.574940212857951     
    2.575387728599490     
    2.575914950548243     
    2.576522248910358     
    2.577209969303712     
    2.577978432523237     
    2.578827934318321     
    2.579758745182397     
    2.580771110154843     
    2.581865248635308     
    2.583041354210572     
    2.584299594494030     
    2.585640110977881     
    2.587063018898120     
    2.588568407112374     
    2.590156337990667     
    2.591826847319149     
    2.593579944216843     
    2.595415611065430     
    2.597333803452108     
    2.599334450125535     
    2.601417452964869     
    2.603582686961890     
    2.605830000216205     
    2.608159213943515     
    2.610570122496911     
    2.613062493401162     
    2.615636067399953     
    2.618290558516021     
    2.621025654124118     
    2.623841015036742     
    2.626736275602536     
    2.629711043817304     
    2.632764901447506     
    2.635897404166163     
    2.639108081701040     
    2.642396437995006     
    2.645761951378421     
    2.649204074753445     
    2.652722235790106     
    2.656315837133988     
    2.659984256625384     
    2.663726847529753     
    2.667542938779309     
    2.671431835225575     
    2.675392817902705     
    2.679425144301410     
    2.683528048653275     
    2.687700742225280     
    2.691942413624310     
    2.696252229111459     
    2.700629332925902     
    2.705072847618112     
    2.709581874392211     
    2.714155493457216     
    2.718792764386945     
    2.723492726488352     
    2.728254399178045     
    2.733076782366738     
    2.737958856851399     
    2.742899584714831     
    2.747897909732429     
    2.752952757785871     
    2.758063037283458     
    2.763227639586859     
    2.768445439443985     
    2.773715295427728     
    2.779036050380293     
    2.784406531862850     
    2.789825552610240     
    2.795291910990450     
    2.800804391468595     
    2.806361765075120     
    2.811962789877948     
    2.817606211458305     
    2.823290763389930     
    2.829015167721413     
    2.834778135461358     
    2.840578367066128     
    2.846414552929859     
    2.852285373876502     
    2.858189501653596     
    2.864125599427510     
    2.870092322279876     
    2.876088317704957     
    2.882112226107661     
    2.888162681301950     
    2.894238311009384     
    2.900337737357514     
    2.906459577377899     
    2.912602443503456     
    2.918764944064918     
    2.924945683786127     
    2.931143264277929     
    2.937356284530412     
    2.943583341403264     
    2.949823030113990     
    2.956073944723777     
    2.962334678620752     
    2.968603825000431     
    2.974879977343112     
    2.981161729888011     
    2.987447678103917     
    2.993736419156155     
    3.000026552369659     
    3.006316679687941     
    3.012605406127769     
    3.018891340229356     
    3.025173094501871     
    3.031449285864100     
    3.037718536080058     
    3.043979472189401     
    3.050230726932451     
    3.056470939169690     
    3.062698754295541     
    3.068912824646304     
    3.075111809902091     
    3.081294377482613     
    3.087459202936690     
    3.093604970325344     
    3.099730372598356     
    3.105834111964161     
    3.111914900252960     
    3.117971459272950     
    3.124002521159557     
    3.130006828717579     
    3.135983135756132     
    3.141930207416328     
    3.147846820491585     
    3.153731763740498     
    3.159583838192196     
    3.165401857444119     
    3.171184647952148     
    3.176931049313031     
    3.182639914539062     
    3.188310110324949     
    3.193940517306842     
    3.199530030313485     
    3.205077558609446     
    3.210582026130419     
    3.216042371710551     
    3.221457549301803     
    3.226826528185311     
    3.232148293174758     
    3.237421844811734     
    3.242646199553106     
    3.247820389950391     
    3.252943464821147     
    3.258014489412404     
    3.263032545556136     
    3.267996731816822     
    3.272906163631110     
    3.277759973439613     
    3.282557310810889     
    3.287297342557627     
    3.291979252845099     
    3.296602243291913     
    3.301165533063129     
    3.305668358955790     
    3.310109975476917     
    3.314489654914053     
    3.318806687398394     
    3.323060380960601     
    3.327250061579344     
    3.331375073222667     
    3.335434777882250     
    3.339428555600640     
    3.343355804491543     
    3.347215940753264     
    3.351008398675382     
    3.354732630638739     
    3.358388107108859     
    3.361974316622882     
    3.365490765770101     
    3.368936979166222     
    3.372312499421434     
    3.375616887102399     
    3.378849720688267     
    3.382010596520824     
    3.385099128748884     
    3.388114949267027     
    3.391057707648811     
    3.393927071074549     
    3.396722724253795     
    3.399444369342620     
    3.402091725855828     
    3.404664530574207     
    3.407162537446943     
    3.409585517489313     
    3.411933258675785     
    3.414205565828630     
    3.416402260502184     
    3.418523180862873     
    3.420568181565120     
    3.422537133623266     
    3.424429924279619     
    3.426246456868756     
    3.427986650678204     
    3.429650440805616     
    3.431237778012570     
    3.432748628575113     
    3.434182974131167     
    3.435540811524922     
    3.436822152648345     
    3.438027024279905     
    3.439155467920659     
    3.440207539627802     
    3.441183309845806     
    3.442082863235269     
    3.442906298499577     
    3.443653728209525     
    3.444325278625981     
    3.444921089520723     
    3.445441313995571     
    3.445886118299908     
    3.446255681646717     
    3.446550196027239     
    3.446769866024357     
    3.446914908624831     
    3.446985553030464     
    3.446982040468335     
    3.446904624000178     
    3.446753568331026     
    3.446529149617216     
    3.446231655273856     
    3.445861383781848     
    3.445418644494576     
    3.444903757444343     
    3.444317053148655     
    3.443658872416446     
    3.442929566154341     
    3.442129495173021     
    3.441259029993821     
    3.440318550655600     
    3.439308446522003     
    3.438229116089178     
    3.437080966794036     
    3.435864414823132     
    3.434579884922247     
    3.433227810206737     
    3.431808631972736     
    3.430322799509276     
    3.428770769911398     
    3.427153007894320     
    3.425469985608732     
    3.423722182457276     
    3.421910084912287     
    3.420034186334839     
    3.418094986795172     
    3.416092992894544     
    3.414028717588576     
    3.411902680012130     
    3.409715405305785     
    3.407467424443960     
    3.405159274064714     
    3.402791496301306     
    3.400364638615520     
    3.397879253632824     
    3.395335898979398     
    3.392735137121072     
    3.390077535204202     
    3.387363664898532     
    3.384594102242080     
    3.381769427488060     
    3.378890224953893     
    3.375957082872326     
    3.372970593244691     
    3.369931351696319     
    3.366839957334155     
    3.363697012606573     
    3.360503123165429     
    3.357258897730364     
    3.353964947955378     
    3.350621888297690     
    3.347230335888899     
    3.343790910408460     
    3.340304233959488     
    3.336770930946902     
    3.333191627957907     
    3.329566953644841     
    3.325897538610375     
    3.322184015295085     
    3.318427017867384     
    3.314627182115833     
    3.310785145343819     
    3.306901546266611     
    3.302977024910774     
    3.299012222515961     
    3.295007781439062     
    3.290964345060709     
    3.286882557694133     
    3.282763064496363     
    3.278606511381756     
    3.274413544937856     
    3.270184812343555     
    3.265920961289561     
    3.261622639901153     
    3.257290496663201     
    3.252925180347448     
    3.248527339942026     
    3.244097624583202     
    3.239636683489325     
    3.235145165896948     
    3.230623720999134     
    3.226072997885886     
    3.221493645486713     
    3.216886312515282     
    3.212251647416157     
    3.207590298313583     
    3.202902912962291     
    3.198190138700313     
    3.193452622403762     
    3.188691010443558     
    3.183905948644076     
    3.179098082243681     
    3.174268055857119     
    3.169416513439738     
    3.164544098253515     
    3.159651452834840     
    3.154739218964042     
    3.149808037636618     
    3.144858549036128     
    3.139891392508735     
    3.134907206539336     
    3.129906628729274     
    3.124890295775578     
    3.119858843451699     
    3.114812906589715     
    3.109753119063953     
    3.104680113776017     
    3.099594522641149     
    3.094496976575921     
    3.089388105487202     
    3.084268538262358     
    3.079138902760664     
    3.073999825805875     
    3.068851933179918     
    3.063695849617676     
    3.058532198802814     
    3.053361603364615     
    3.048184684875778     
    3.043002063851149     
    3.037814359747332     
    3.032622190963152     
    3.027426174840921     
    3.022226927668469     
    3.017025064681900     
    3.011821200069034     
    3.006615946973485     
    3.001409917499346     
    2.996203722716434     
    2.990997972666050     
    2.985793276367220     
    2.980590241823370     
    2.975389476029396     
    2.970191584979093     
    2.964997173672887     
    2.959806846125842     
    2.954621205375901     
    2.949440853492305     
    2.944266391584168     
    2.939098419809155     
    2.933937537382218     
    2.928784342584366     
    2.923639432771409     
    2.918503404382648     
    2.913376852949465     
    2.908260373103770     
    2.903154558586273     
    2.898060002254532     
    2.892977296090738     
    2.887907031209208     
    2.882849797863526     
    2.877806185453312     
    2.872776782530570     
    2.867762176805574     
    2.862762955152262     
    2.857779703613087     
    2.852813007403299     
    2.847863450914611     
    2.842931617718218     
    2.838018090567123     
    2.833123451397736     
    2.828248281330722     
    2.823393160671036     
    2.818558668907130     
    2.813745384709287     
    2.808953885927049     
    2.804184749585701     
    2.799438551881778     
    2.794715868177564     
    2.790017272994540     
    2.785343340005761     
    2.780694642027111     
    2.776071751007419     
    2.771475238017401     
    2.766905673237387     
    2.762363625943806     
    2.757849664494415     
    2.753364356312205     
    2.748908267867997     
    2.744481964661661     
    2.740086011201962     
    2.735720970984976     
    2.731387406471068     
    2.727085879060402     
    2.722816949066948     
    2.718581175690969     
    2.714379116989960     
    2.710211329848013     
    2.706078369943592     
    2.701980791715680     
    2.697919148328295     
    2.693893991633332     
    2.689905872131733     
    2.685955338932946     
    2.682042939712664     
    2.678169220668818     
    2.674334726475818     
    2.670540000237013     
    2.666785583435356     
    2.663072015882268     
    2.659399835664672     
    2.655769579090199     
    2.652181780630535     
    2.648636972862920     
    2.645135686409763     
    2.641678449876382     
    2.638265789786855     
    2.634898230517966     
    2.631576294231250     
    2.628300500803123     
    2.625071367753096     
    2.621889410170068     
    2.618755140636691     
    2.615669069151815     
    2.612631703050996     
    2.609643546925084     
    2.606705102536885     
    2.603816868735888     
    2.600979341371088     
    2.598193013201878     
    2.595458373807038     
    2.592775909491817     
    2.590146103193125     
    2.587569434382831     
    2.585046378969191     
    2.582577409196407     
    2.580162993542341     
    2.577803596614386     
    2.575499679043515     
    2.573251697376536     
    2.571060103966540     
    2.568925346861601     
    2.566847869691720     
    2.564828111554041     
    2.562866506896372     
    2.560963485399025     
    2.559119471855003     
    2.557334886048570     
    2.555610142632214     
    2.553945651002060     
    2.552341815171732     
    2.550799033644731     
    2.549317699285335     
    2.547898199188072     
    2.546540914545796     
    2.545246220516416     
    2.544014486088300     
    2.542846073944409     
    2.541741340325201     
    2.540700634890348     
    2.539724300579307     
    2.538812673470801     
    2.537966082641258     
    2.537184850022242     
    2.536469290256955     
    2.535819710555836     
    2.535236410551327     
    2.534719682151862     
    2.534269809395119     
    2.533887068300625     
    2.533571726721738     
    2.533324044197094     
    2.533144271801570     
    2.533032651996831     
    2.532989418481523     
    2.533014796041183     
    2.533109000397929     
    2.533272238060012     
    2.533504706171278     
    2.533806592360637     
    2.534178074591602     
    2.534619321011963     
    2.535130489803691     
    2.535711729033138     
    2.536363176501609     
    2.537084959596395     
    2.537877195142345     
    2.538739989254046     
    2.539673437188723     
    2.540677623199909     
    2.541752620391998     
    2.542898490575750     
    2.544115284124850     
    2.545403039833586     
    2.546761784775772     
    2.548191534164965     
    2.549692291216099     
    2.551264047008609     
    2.552906780351150     
    2.554620457647998     
    2.556405032767222     
    2.558260446910736     
    2.560186628486317     
    2.562183492981682     
    2.564250942840732     
    2.566388867342050     
    2.568597142479753     
    2.570875630846801     
    2.573224181520855     
    2.575642629952783     
    2.578130797857922     
    2.580688493110180     
    2.583315509639092     
    2.586011627329917     
    2.588776611926884     
    2.591610214939684     
    2.594512173553301     
    2.597482210541295     
    2.600520034182618     
    2.603625338182073     
    2.606797801594517     
    2.610037088752892     
    2.613342849200196     
    2.616714717625475     
    2.620152313803958     
    2.623655242541390     
    2.627223093622704     
    2.630855441765084     
    2.634551846575544     
    2.638311852513091     
    2.642134988855585     
    2.646020769671359     
    2.649968693795714     
    2.653978244812362     
    2.658048891039901     
    2.662180085523416     
    2.666371266031280     
    2.670621855057245     
    2.674931259827891     
    2.679298872315523     
    2.683724069256590     
    2.688206212175686     
    2.692744647415231     
    2.697338706170876     
    2.701987704532719     
    2.706690943532392     
    2.711447709196077     
    2.716257272603519     
    2.721118889953100     
    2.726031802633013     
    2.730995237298606     
    2.736008405955947     
    2.741070506051642     
    2.746180720568978     
    2.751338218130400     
    2.756542153106404     
    2.761791665730839     
    2.767085882222685     
    2.772423914914321     
    2.777804862386317     
    2.783227809608769     
    2.788691828089206     
    2.794195976027070     
    2.799739298474812     
    2.805320827505576     
    2.810939582387516     
    2.816594569764717     
    2.822284783844741     
    2.828009206592791     
    2.833766807932462     
    2.839556545953104     
    2.845377367123754     
    2.851228206513619     
    2.857107988019099     
    2.863015624597315     
    2.868950018506100     
    2.874910061550436     
    2.880894635335279     
    2.886902611524739     
    2.892932852107560     
    2.898984209668842     
    2.905055527667967     
    2.911145640722637     
    2.917253374898988     
    2.923377548007691     
    2.929516969905964     
    2.935670442805430     
    2.941836761585728     
    2.948014714113783     
    2.954203081568653     
    2.960400638771856     
    2.966606154523070     
    2.972818391941093     
    2.979036108809983     
    2.985258057930224     
    2.991482987474826     
    2.997709641350234     
    3.003936759561904     
    3.010163078584434     
    3.016387331736096     
    3.022608249557645     
    3.028824560195251     
    3.035034989787410     
    3.041238262855680     
    3.047433102699090     
    3.053618231792061     
    3.059792372185667     
    3.065954245912084     
    3.072102575392041     
    3.078236083845110     
    3.084353495702649     
    3.090453537023217     
    3.096534935910277     
    3.102596422932005     
    3.108636731543001     
    3.114654598507711     
    3.120648764325374     
    3.126617973656274     
    3.132560975749104     
    3.138476524869243     
    3.144363380727713     
    3.150220308910639     
    3.156046081308963     
    3.161839476548218     
    3.167599280418145     
    3.173324286301916     
    3.179013295604753     
    3.184665118181726     
    3.190278572764485     
    3.195852487386722     
    3.201385699808111     
    3.206877057936524     
    3.212325420248266     
    3.217729656206124     
    3.223088646674973     
    3.228401284334728     
    3.233666474090399     
    3.238883133479020     
    3.244050193073214     
    3.249166596881167     
    3.254231302742786     
    3.259243282721790     
    3.264201523493514     
    3.269105026728207     
    3.273952809469575     
    3.278743904508345     
    3.283477360750640     
    3.288152243580918     
    3.292767635219267     
    3.297322635072820     
    3.301816360081093     
    3.306247945054996     
    3.310616543009338     
    3.314921325488585     
    3.319161482885675     
    3.323336224753681     
    3.327444780110119     
    3.331486397733697     
    3.335460346453313     
    3.339365915429100     
    3.343202414425344     
    3.346969174075073     
    3.350665546136144     
    3.354290903738649     
    3.357844641623468     
    3.361326176371796     
    3.364734946625494     
    3.368070413298085     
    3.371332059776260     
    3.374519392111732     
    3.377631939203311     
    3.380669252969043     
    3.383630908508294     
    3.386516504253655     
    3.389325662112536     
    3.392058027598349     
    3.394713269951156     
    3.397291082247698     
    3.399791181500701     
    3.402213308747359     
    3.404557229126938     
    3.406822731947401     
    3.409009630741001     
    3.411117763308767     
    3.413146991753845     
    3.415097202503627     
    3.416968306320644     
    3.418760238302180     
    3.420472957868584     
    3.422106448740259     
    3.423660718903320     
    3.425135800563913     
    3.426531750091203     
    3.427848647949034     
    3.429086598616292     
    3.430245730495979     
    3.431326195813050     
    3.432328170501042     
    3.433251854077545     
    3.434097469508576     
    3.434865263061912     
    3.435555504149462     
    3.436168485158745     
    3.436704521273574     
    3.437163950284025     
    3.437547132385800     
    3.437854449969094     
    3.438086307397067     
    3.438243130774067     
    3.438325367703708     
    3.438333487036960     
    3.438267978610377     
    3.438129352974630     
    3.437918141113488     
    3.437634894153416     
    3.437280183063968     
    3.436854598349130     
    3.436358749729821     
    3.435793265817722     
    3.435158793780642     
    3.434455998999606     
    3.433685564717882     
    3.432848191682166     
    3.431944597776121     
    3.430975517646508     
    3.429941702322140     
    3.428843918825880     
    3.427682949779922     
    3.426459593004603     
    3.425174661110995     
    3.423828981087508     
    3.422423393880786     
    3.420958753971123     
    3.419435928942697     
    3.417855799048841     
    3.416219256772670     
    3.414527206383287     
    3.412780563487880     
    3.410980254579953     
    3.409127216584003     
    3.407222396396884     
    3.405266750426184     
    3.403261244125852     
    3.401206851529400     
    3.399104554780938     
    3.396955343664346     
    3.394760215130854     
    3.392520172825336     
    3.390236226611588     
    3.387909392096889     
    3.385540690156126     
    3.383131146455775     
    3.380681790978012     
    3.378193657545260     
    3.375667783345424     
    3.373105208458135     
    3.370506975382234     
    3.367874128564831     
    3.365207713932157     
    3.362508778422527     
    3.359778369521664     
    3.357017534800643     
    3.354227321456746     
    3.351408775857460     
    3.348562943087901     
    3.345690866501889     
    3.342793587276956     
    3.339872143973501     
    3.336927572098361     
    3.333960903673006     
    3.330973166806616     
    3.327965385274248     
    3.324938578100321     
    3.321893759147636     
    3.318831936712139     
    3.315754113123631     
    3.312661284352626     
    3.309554439623549     
    3.306434561034462     
    3.303302623183490     
    3.300159592802135     
    3.297006428395636     
    3.293844079890534     
    3.290673488289601     
    3.287495585334280     
    3.284311293174770     
    3.281121524047890     
    3.277927179962857     
    3.274729152395084     
    3.271528321988107     
    3.268325558263760     
    3.265121719340680     
    3.261917651661224     
    3.258714189726904     
    3.255512155842380     
    3.252312359868101     
    3.249115598981639     
    3.245922657447760     
    3.242734306397296     
    3.239551303614816     
    3.236374393335155     
    3.233204306048801     
    3.230041758316147     
    3.226887452590621     
    3.223742077050683     
    3.220606305440664     
    3.217480796920452     
    3.214366195923959     
    3.211263132026365     
    3.208172219820072     
    3.205094058799326     
    3.202029233253440     
    3.198978312168556     
    3.195941849137863     
    3.192920382280195     
    3.189914434166917     
    3.186924511756993     
    3.183951106340144     
    3.180994693487976     
    3.178055733012958     
    3.175134668935129     
    3.172231929456394     
    3.169347926942276     
    3.166483057910972     
    3.163637703029565     
    3.160812227117221     
    3.158006979155224     
    3.155222292303653     
    3.152458483924542     
    3.149715855611329     
    3.146994693224398     
    3.144295266932529     
    3.141617831260041     
    3.138962625139432     
    3.136329871969283     
    3.133719779677232     
    3.131132540787760     
    3.128568332494591     
    3.126027316737444     
    3.123509640282909     
    3.121015434809195     
    3.118544816994497     
    3.116097888608732     
    3.113674736608367     
    3.111275433234089     
    3.108900036111032     
    3.106548588351287     
    3.104221118658415     
    3.101917641433672     
    3.099638156883658     
    3.097382651129089     
    3.095151096314391     
    3.092943450717805     
    3.090759658861708     
    3.088599651622798     
    3.086463346341861     
    3.084350646932764     
    3.082261443990349     
    3.080195614896891     
    3.078153023926775     
    3.076133522349044     
    3.074136948527453     
    3.072163128017677     
    3.070211873661300     
    3.068282985676213     
    3.066376251743031     
    3.064491447087148     
    3.062628334556033     
    3.060786664691360     
    3.058966175795558     
    3.057166593992365     
    3.055387633280954     
    3.053628995583194     
    3.051890370783593     
    3.050171436761466     
    3.048471859414866     
    3.046791292675776     
    3.045129378516101     
    3.043485746943918     
    3.041860015989491     
    3.040251791680508     
    3.038660668005990     
    3.037086226868312     
    3.035528038022750     
    3.033985659003960     
    3.032458635038774     
    3.030946498944664     
    3.029448771013236     
    3.027964958878052     
    3.026494557366093     
    3.025037048332140     
    3.023591900475291     
    3.022158569136872     
    3.020736496078902     
    3.019325109242282     
    3.017923822483842     
    3.016532035291326     
    3.015149132475374     
    3.013774483837533     
    3.012407443813254     
    3.011047351088823     
    3.009693528191115     
    3.008345281049008     
    3.007001898525254     
    3.005662651917538     
    3.004326794427423     
    3.002993560595786     
    3.001662165703314     
