    4.000000000000000     
    4.002908994995653     
    4.005819140765855     
    4.008731546534571     
    4.011647280809819     
    4.014567372169481     
    4.017492810000555     
    4.020424545194054     
    4.023363490797657     
    4.026310522628173     
    4.029266479845762     
    4.032232165491821     
    4.035208346992364     
    4.038195756628678     
    4.041195091976943     
    4.044207016318487     
    4.047232159022262     
    4.050271115901101     
    4.053324449543236     
    4.056392689620550     
    4.059476333174937     
    4.062575844884170     
    4.065691657308564     
    4.068824171119735     
    4.071973755312693     
    4.075140747402473     
    4.078325453606481     
    4.081528149013699     
    4.084749077741835     
    4.087988453083521     
    4.091246457642582     
    4.094523243461405     
    4.097818932140399     
    4.101133614950488     
    4.104467352939600     
    4.107820177034041     
    4.111192088135648     
    4.114583057215581     
    4.117993025405591     
    4.121421904087571     
    4.124869574982202     
    4.128335890237442     
    4.131820672517616     
    4.135323715093839     
    4.138844781936466     
    4.142383607810270     
    4.145939898373002     
    4.149513330277982     
    4.153103551281346     
    4.156710180354564     
    4.160332807802803     
    4.163970995389707     
    4.167624276469146     
    4.171292156124468     
    4.174974111315743     
    4.178669591035521     
    4.182378016473552     
    4.186098781190937     
    4.189831251304136     
    4.193574765679257     
    4.197328636137017     
    4.201092147668767     
    4.204864558663922     
    4.208645101149153     
    4.212432981039665     
    4.216227378402853     
    4.220027447734635     
    4.223832318248718     
    4.227641094179059     
    4.231452855095732     
    4.235266656234429     
    4.239081528839777     
    4.242896480522647     
    4.246710495631606     
    4.250522535638655     
    4.254331539539359     
    4.258136424267473     
    4.261936085124143     
    4.265729396221738     
    4.269515210942358     
    4.273292362411034     
    4.277059663983639     
    4.280815909749467     
    4.284559875048480     
    4.288290317003143     
    4.292005975064796     
    4.295705571574459     
    4.299387812337972     
    4.303051387215350     
    4.306694970724188     
    4.310317222656985     
    4.313916788712183     
    4.317492301138743     
    4.321042379394033     
    4.324565630814800     
    4.328060651300992     
    4.331526026012138     
    4.334960330076044     
    4.338362129309469     
    4.341729980950500     
    4.345062434402286     
    4.348358031987781     
    4.351615309715151     
    4.354832798053476     
    4.358009022718329     
    4.361142505466882     
    4.364231764902071     
    4.367275317285436     
    4.370271677358171     
    4.373219359169935     
    4.376116876914972     
    4.378962745775040     
    4.381755482768689     
    4.384493607606371     
    4.387175643550870     
    4.389800118282565     
    4.392365564768949     
    4.394870522137913     
    4.397313536554232     
    4.399693162098685     
    4.402007961649285     
    4.404256507764020     
    4.406437383564546     
    4.408549183620254     
    4.410590514832130     
    4.412559997315805     
    4.414456265283219     
    4.416277967922299     
    4.418023770274043     
    4.419692354106425     
    4.421282418784496     
    4.422792682136104     
    4.424221881312603     
    4.425568773643954     
    4.426832137487631     
    4.428010773070690     
    4.429103503324440     
    4.430109174711092     
    4.431026658041787     
    4.431854849285427     
    4.432592670367707     
    4.433239069959750     
    4.433793024255802     
    4.434253537739364     
    4.434619643937234     
    4.434890406160866     
    4.435064918234513     
    4.435142305209587     
    4.435121724064716     
    4.435002364390950     
    4.434783449061602     
    4.434464234886219     
    4.434044013248165     
    4.433522110725344     
    4.432897889693558     
    4.432170748912073     
    4.431340124090879     
    4.430405488439252     
    4.429366353195168     
    4.428222268135135     
    4.426972822064065     
    4.425617643284779     
    4.424156400046777     
    4.422588800973906     
    4.420914595470586     
    4.419133574106255     
    4.417245568977729     
    4.415250454049167     
    4.413148145469358     
    4.410938601866086     
    4.408621824617276     
    4.406197858098747     
    4.403666789908304     
    4.401028751066002     
    4.398283916190389     
    4.395432503650570     
    4.392474775693936     
    4.389411038549445     
    4.386241642506334     
    4.382966981968165     
    4.379587495482159     
    4.376103665743722     
    4.372516019576159     
    4.368825127885543     
    4.365031605590733     
    4.361136111528571     
    4.357139348334285     
    4.353042062297153     
    4.348845043191496     
    4.344549124083101     
    4.340155181111161     
    4.335664133245884     
    4.331076942021881     
    4.326394611247526     
    4.321618186690435     
    4.316748755739280     
    4.311787447042138     
    4.306735430121607     
    4.301593914966924     
    4.296364151603360     
    4.291047429639154     
    4.285645077790284     
    4.280158463383381     
    4.274588991837107     
    4.268938106122333     
    4.263207286201469     
    4.257398048447313     
    4.251511945041788     
    4.245550563354971     
    4.239515525304816     
    4.233408486697980     
    4.227231136552191     
    4.220985196400596     
    4.214672419578544     
    4.208294590493263     
    4.201853523876911     
    4.195351064023484     
    4.188789084010070     
    4.182169484902964     
    4.175494194949144     
    4.168765168753639     
    4.161984386443310     
    4.155153852817585     
    4.148275596486690     
    4.141351668997927     
    4.134384143950546     
    4.127375116099795     
    4.120326700450677     
    4.113241031342032     
    4.106120261521472     
    4.098966561211788     
    4.091782117169388     
    4.084569131735350     
    4.077329821879693     
    4.070066418239445     
    4.062781164151097     
    4.055476314678034     
    4.048154135633544     
    4.040816902599982     
    4.033466899944697     
    4.026106419833295     
    4.018737761240833     
    4.011363228961541     
    4.003985132617637     
    3.996605785667835     
    3.989227504416110     
    3.981852607021305     
    3.974483412508143     
    3.967122239780223     
    3.959771406635537     
    3.952433228785100     
    3.945110018875209     
    3.937804085513894     
    3.930517732302102     
    3.923253256870135     
    3.916012949919871     
    3.908799094273292     
    3.901613963927816     
    3.894459823118944     
    3.887338925390721     
    3.880253512674467     
    3.873205814376301     
    3.866198046473873     
    3.859232410622802     
    3.852311093273245     
    3.845436264797041     
    3.838610078625857     
    3.831834670400748     
    3.825112157133554     
    3.818444636380498     
    3.811834185428403     
    3.805282860493878     
    3.798792695935842     
    3.792365703481744     
    3.786003871467796     
    3.779709164093568     
    3.773483520691251     
    3.767328855009883     
    3.761247054514841     
    3.755239979702869     
    3.749309463432907     
    3.743457310272985     
    3.737685295863402     
    3.731995166296446     
    3.726388637512845     
    3.720867394715168     
    3.715433091798364     
    3.710087350797610     
    3.704831761353643     
    3.699667880195727     
    3.694597230642385     
    3.689621302120045     
    3.684741549699694     
    3.679959393651652     
    3.675276219018571     
    3.670693375206707     
    3.666212175595561     
    3.661833897165930     
    3.657559780146407     
    3.653391027678376     
    3.649328805499504     
    3.645374241645748     
    3.641528426171871     
    3.637792410890451     
    3.634167209129357     
    3.630653795507652     
    3.627253105729886     
    3.623966036398700     
    3.620793444845693     
    3.617736148980454     
    3.614794927157694     
    3.611970518062337     
    3.609263620612516     
    3.606674893880296     
    3.604204957030049     
    3.601854389274303     
    3.599623729846942     
    3.597513477993599     
    3.595524092979062     
    3.593655994111550     
    3.591909560783652     
    3.590285132529755     
    3.588783009099771     
    3.587403450548947     
    3.586146677343554     
    3.585012870482253     
    3.584002171632884     
    3.583114683284485     
    3.582350468914281     
    3.581709553169409     
    3.581191922063140     
    3.580797523185329     
    3.580526265926861     
    3.580378021717802     
    3.580352624279019     
    3.580449869886969     
    3.580669517651407     
    3.581011289805721     
    3.581474872009609     
    3.582059913663828     
    3.582766028236709     
    3.583592793602157     
    3.584539752388840     
    3.585606412340265     
    3.586792246685453     
    3.588096694519900     
    3.589519161196531     
    3.591059018726341     
    3.592715606188415     
    3.594488230149023     
    3.596376165089482     
    3.598378653842486     
    3.600494908036580     
    3.602724108548481     
    3.605065405962947     
    3.607517921039857     
    3.610080745188237     
    3.612752940946877     
    3.615533542471282     
    3.618421556026616     
    3.621415960486351     
    3.624515707836321     
    3.627719723683876     
    3.631026907771833     
    3.634436134496941     
    3.637946253432553     
    3.641556089855213     
    3.645264445274883     
    3.649070097968500     
    3.652971803516598     
    3.656968295342702     
    3.661058285255219     
    3.665240463991551     
    3.669513501764155     
    3.673876048808284     
    3.678326735931137     
    3.682864175062169     
    3.687486959804285     
    3.692193665985680     
    3.696982852212061     
    3.701853060419015     
    3.706802816424272     
    3.711830630479633     
    3.716934997822319     
    3.722114399225518     
    3.727367301547904     
    3.732692158281905     
    3.738087410100505     
    3.743551485402365     
    3.749082800855064     
    3.754679761936240     
    3.760340763472461     
    3.766064190175605     
    3.771848417176574     
    3.777691810556161     
    3.783592727872886     
    3.789549518687626     
    3.795560525084882     
    3.801624082190497     
    3.807738518685691     
    3.813902157317245     
    3.820113315403685     
    3.826370305337327     
    3.832671435082041     
    3.839015008666605     
    3.845399326673510     
    3.851822686723098     
    3.858283383952920     
    3.864779711492187     
    3.871309960931212     
    3.877872422785736     
    3.884465386956047     
    3.891087143180775     
    3.897735981485303     
    3.904410192624679     
    3.911108068520972     
    3.917827902694982     
    3.924567990692235     
    3.931326630503201     
    3.938102122977662     
    3.944892772233191     
    3.951696886057667     
    3.958512776305784     
    3.965338759289525     
    3.972173156162532     
    3.979014293298361     
    3.985860502662571     
    3.992710122178637     
    3.999561496087640     
    4.006412975301740     
    4.013262917751390     
    4.020109688726301     
    4.026951661210127     
    4.033787216208890     
    4.040614743073117     
    4.047432639813713     
    4.054239313411554     
    4.061033180120842     
    4.067812665766184     
    4.074576206033464     
    4.081322246754485     
    4.088049244185426     
    4.094755665279132     
    4.101439987951252     
    4.108100701340283     
    4.114736306061518     
    4.121345314454969     
    4.127926250827272     
    4.134477651687635     
    4.140998065977862     
    4.147486055296507     
    4.153940194117193     
    4.160359070001157     
    4.166741283804074     
    4.173085449877194     
    4.179390196262881     
    4.185654164884584     
    4.191876011731307     
    4.198054407036650     
    4.204188035452468     
    4.210275596217223     
    4.216315803319096     
    4.222307385653910     
    4.228249087177960     
    4.234139667055797     
    4.239977899803042     
    4.245762575424314     
    4.251492499546329     
    4.257166493546249     
    4.262783394675376     
    4.268342056178223     
    4.273841347407088     
    4.279280153932174     
    4.284657377647344     
    4.289971936871592     
    4.295222766446311     
    4.300408817828419     
    4.305529059179452     
    4.310582475450675     
    4.315568068464312     
    4.320484856990961     
    4.325331876823287     
    4.330108180846059     
    4.334812839102623     
    4.339444938857887     
    4.344003584657893     
    4.348487898386066     
    4.352897019316207     
    4.357230104162321     
    4.361486327125352     
    4.365664879936902     
    4.369764971900013     
    4.373785829927099     
    4.377726698575083     
    4.381586840077837     
    4.385365534375987     
    4.389062079144166     
    4.392675789815772     
    4.396205999605335     
    4.399652059528527     
    4.403013338419917     
    4.406289222948529     
    4.409479117631260     
    4.412582444844258     
    4.415598644832287     
    4.418527175716185     
    4.421367513498441     
    4.424119152066993     
    4.426781603197272     
    4.429354396552583     
    4.431837079682871     
    4.434229218021923     
    4.436530394883079     
    4.438740211453492     
    4.440858286787012     
    4.442884257795718     
    4.444817779240179     
    4.446658523718471     
    4.448406181654025     
    4.450060461282314     
    4.451621088636466     
    4.453087807531822     
    4.454460379549486     
    4.455738584018917     
    4.456922217999586     
    4.458011096261752     
    4.459005051266386     
    4.459903933144272     
    4.460707609674330     
    4.461415966261179     
    4.462028905911983     
    4.462546349212591     
    4.462968234303017     
    4.463294516852264     
    4.463525170032527     
    4.463660184492804     
    4.463699568331899     
    4.463643347070884     
    4.463491563624995     
    4.463244278274993     
    4.462901568638003     
    4.462463529637840     
    4.461930273474820     
    4.461301929595084     
    4.460578644659420     
    4.459760582511592     
    4.458847924146195     
    4.457840867676000     
    4.456739628298825     
    4.455544438263906     
    4.454255546837764     
    4.452873220269577     
    4.451397741756024     
    4.449829411405611     
    4.448168546202463     
    4.446415479969552     
    4.444570563331379     
    4.442634163676050     
    4.440606665116768     
    4.438488468452697     
    4.436279991129178     
    4.433981667197285     
    4.431593947272686     
    4.429117298493788     
    4.426552204479126     
    4.423899165283991     
    4.421158697356245     
    4.418331333491289     
    4.415417622786169     
    4.412418130592772     
    4.409333438470070     
    4.406164144135390     
    4.402910861414655     
    4.399574220191563     
    4.396154866355668     
    4.392653461749304     
    4.389070684113318     
    4.385407227031571     
    4.381663799874147     
    4.377841127739232     
    4.373939951393609     
    4.369961027211727     
    4.365905127113276     
    4.361773038499237     
    4.357565564186336     
    4.353283522339861     
    4.348927746404779     
    4.344499085035091     
    4.339998402021400     
    4.335426576216582     
    4.330784501459558     
    4.326073086497063     
    4.321293254903381     
    4.316445944997975     
    4.311532109760948     
    4.306552716746286     
    4.301508747992806     
    4.296401199932757     
    4.291231083298021     
    4.285999423023815     
    4.280707258149886     
    4.275355641719074     
    4.269945640673241     
    4.264478335746452     
    4.258954821355367     
    4.253376205486796     
    4.247743609582307     
    4.242058168419877     
    4.236321029992485     
    4.230533355383599     
    4.224696318639492     
    4.218811106638324     
    4.212878918955926     
    4.206900967728227     
    4.200878477510261     
    4.194812685131690     
    4.188704839548794     
    4.182556201692852     
    4.176368044314863     
    4.170141651826559     
    4.163878320137632     
    4.157579356489138     
    4.151246079283003     
    4.144879817907603     
    4.138481912559335     
    4.132053714060148     
    4.125596583670976     
    4.119111892901020     
    4.112601023312840     
    4.106065366323194     
    4.099506322999600     
    4.092925303852558     
    4.086323728623397     
    4.079703026067713     
    4.073064633734342     
    4.066409997739856     
    4.059740572538515     
    4.053057820687670     
    4.046363212608574     
    4.039658226342565     
    4.032944347302609     
    4.026223068020160     
    4.019495887887335     
    4.012764312894364     
    4.006029855362308     
    3.999294033671028     
    3.992558371982387     
    3.985824399958684     
    3.979093652476299     
    3.972367669334555     
    3.965647994959790     
    3.958936178104639     
    3.952233771542529     
    3.945542331757391     
    3.938863418628614     
    3.932198595111217     
    3.925549426911303     
    3.918917482156767     
    3.912304331063313     
    3.905711545595784     
    3.899140699124850     
    3.892593366079064     
    3.886071121592348     
    3.879575541146924     
    3.873108200211742     
    3.866670673876450     
    3.860264536480960     
    3.853891361240644     
    3.847552719867243     
    3.841250182185531     
    3.834985315745794     
    3.828759685432212     
    3.822574853067195     
    3.816432377011764     
    3.810333811762034     
    3.804280707541912     
    3.798274609892077     
    3.792317059255326     
    3.786409590558408     
    3.780553732790419     
    3.774751008577874     
    3.769002933756552     
    3.763311016940244     
    3.757676759086499     
    3.752101653059491     
    3.746587183190145     
    3.741134824833625     
    3.735746043924334     
    3.730422296528552     
    3.725165028394856     
    3.719975674502455     
    3.714855658607601     
    3.709806392788213     
    3.704829276986884     
    3.699925698552407     
    3.695097031780015     
    3.690344637450464     
    3.685669862368161     
    3.681074038898494     
    3.676558484504544     
    3.672124501283363     
    3.667773375502005     
    3.663506377133489     
    3.659324759392899     
    3.655229758273812     
    3.651222592085237     
    3.647304460989305     
    3.643476546539868     
    3.639740011222256     
    3.636095997994381     
    3.632545629829414     
    3.629090009260242     
    3.625730217925935     
    3.622467316120448     
    3.619302342343774     
    3.616236312855782     
    3.613270221232975     
    3.610405037928394     
    3.607641709834913     
    3.604981159852150     
    3.602424286457246     
    3.599971963279745     
    3.597625038680831     
    3.595384335337142     
    3.593250649829439     
    3.591224752236358     
    3.589307385733492     
    3.587499266198069     
    3.585801081819462     
    3.584213492715794     
    3.582737130556877     
    3.581372598193752     
    3.580120469295079     
    3.578981287990624     
    3.577955568522099     
    3.577043794901619     
    3.576246420578010     
    3.575563868111238     
    3.574996528855192     
    3.574544762649094     
    3.574208897517766     
    3.573989229381008     
    3.573886021772340     
    3.573899505567350     
    3.574029878721880     
    3.574277306020312     
    3.574641918834170     
    3.575123814891302     
    3.575723058055841     
    3.576439678119216     
    3.577273670602401     
    3.578224996569661     
    3.579293582453995     
    3.580479319894502     
    3.581782065585885     
    3.583201641140298     
    3.584737832961745     
    3.586390392133236     
    3.588159034316889     
    3.590043439667175     
    3.592043252757489     
    3.594158082520239     
    3.596387502200614     
    3.598731049324210     
    3.601188225678682     
    3.603758497309574     
    3.606441294530481     
    3.609236011947690     
    3.612142008499443     
    3.615158607509948     
    3.618285096758264     
    3.621520728562189     
    3.624864719877246     
    3.628316252410885     
    3.631874472751985     
    3.635538492515757     
    3.639307388504113     
    3.643180202881582     
    3.647155943366841     
    3.651233583439900     
    3.655412062565005     
    3.659690286429277     
    3.664067127197141     
    3.668541423780536     
    3.673111982124936     
    3.677777575511172     
    3.682536944873057     
    3.687388799130781     
    3.692331815540056     
    3.697364640056981     
    3.702485887718556     
    3.707694143038819     
    3.712987960420500     
    3.718365864582158     
    3.723826351000666     
    3.729367886368986     
    3.734988909069098     
    3.740687829659975     
    3.746463031380476     
    3.752312870667009     
    3.758235677685817     
    3.764229756879729     
    3.770293387529201     
    3.776424824327464     
    3.782622297969588     
    3.788884015755260     
    3.795208162205060     
    3.801592899690009     
    3.808036369074165     
    3.814536690370007     
    3.821091963406369     
    3.827700268508641     
    3.834359667190978     
    3.841068202860225     
    3.847823901531259     
    3.854624772553455     
    3.861468809347945     
    3.868353990155367     
    3.875278278793749     
    3.882239625426205     
    3.889235967338076     
    3.896265229723163     
    3.903325326478690     
    3.910414161008603     
    3.917529627034826     
    3.924669609416093     
    3.931831984973930     
    3.939014623325396     
    3.946215387722160     
    3.953432135895483     
    3.960662720906687     
    3.967904992002660     
    3.975156795475959     
    3.982415975529060     
    3.989680375142292     
    3.996947836945007     
    4.004216204089498     
    4.011483321127209     
    4.018747034886753     
    4.026005195353259     
    4.033255656548550     
    4.040496277411685     
    4.047724922679348     
    4.054939463765609     
    4.062137779640539     
    4.069317757707189     
    4.076477294676433     
    4.083614297439158     
    4.090726683935306     
    4.097812384019253     
    4.104869340321025     
    4.111895509102840     
    4.118888861110463     
    4.125847382418878     
    4.132769075271764     
    4.139651958914274     
    4.146494070418612     
    4.153293465501913     
    4.160048219335917     
    4.166756427347962     
    4.173416206012781     
    4.180025693634638     
    4.186583051119311     
    4.193086462735429     
    4.199534136864720     
    4.205924306740680     
    4.212255231175200     
    4.218525195272712     
    4.224732511131390     
    4.230875518530965     
    4.236952585606725     
    4.242962109509276     
    4.248902517049626     
    4.254772265329205     
    4.260569842354407     
    4.266293767635258     
    4.271942592767836     
    4.277514902000068     
    4.283009312780537     
    4.288424476289946     
    4.293759077954910     
    4.299011837943724     
    4.304181511643819     
    4.309266890120561     
    4.314266800557139     
    4.319180106675224     
    4.324005709136157     
    4.328742545922394     
    4.333389592698969     
    4.337945863154746     
    4.342410409323243     
    4.346782321882823     
    4.351060730436073     
    4.355244803768190     
    4.359333750084204     
    4.363326817224927     
    4.367223292861453     
    4.371022504668134     
    4.374723820473906     
    4.378326648391896     
    4.381830436927229     
    4.385234675062993     
    4.388538892324308     
    4.391742658820502     
    4.394845585265349     
    4.397847322975418     
    4.400747563846526     
    4.403546040308353     
    4.406242525257265     
    4.408836831967421     
    4.411328813980251     
    4.413718364972398     
    4.416005418602261     
    4.418189948335247     
    4.420271967247905     
    4.422251527811088     
    4.424128721652332     
    4.425903679297637     
    4.427576569892869     
    4.429147600904997     
    4.430617017803411     
    4.431985103721559     
    4.433252179099189     
    4.434418601305454     
    4.435484764243194     
    4.436451097934680     
    4.437318068089165     
    4.438086175652545     
    4.438755956339506     
    4.439327980148482     
    4.439802850859826     
    4.440181205517549     
    4.440463713895024     
    4.440651077945075     
    4.440744031234839     
    4.440743338365841     
    4.440649794379711     
    4.440464224149983     
    4.440187481760435     
    4.439820449870413     
    4.439364039067637     
    4.438819187208928     
    4.438186858749376     
    4.437468044060406     
    4.436663758737272     
    4.435775042896450     
    4.434802960463459     
    4.433748598451619     
    4.432613066232259     
    4.431397494796902     
    4.430103036011953     
    4.428730861866419     
    4.427282163713178     
    4.425758151504369     
    4.424160053021390     
    4.422489113100084     
    4.420746592851614     
    4.418933768879606     
    4.417051932494055     
    4.415102388922563     
    4.413086456519430     
    4.411005465973143     
    4.408860759512780     
    4.406653690113878     
    4.404385620704272     
    4.402057923370451     
    4.399671978564927     
    4.397229174315151     
    4.394730905434471     
    4.392178572735652     
    4.389573582247448     
    4.386917344434708     
    4.384211273422533     
    4.381456786224929     
    4.378655301978449     
    4.375808241181281     
    4.372917024938240     
    4.369983074212102     
    4.367007809081727     
    4.363992648007406     
    4.360939007103829     
    4.357848299421093     
    4.354721934234168     
    4.351561316341170     
    4.348367845370846     
    4.345142915099626     
    4.341887912778597     
    4.338604218470731     
    4.335293204398719     
    4.331956234303694     
    4.328594662815175     
    4.325209834832512     
    4.321803084918105     
    4.318375736702667     
    4.314929102302782     
    4.311464481750986     
    4.307983162438612     
    4.304486418571583     
    4.300975510639362     
    4.297451684897251     
    4.293916172862171     
    4.290370190822102     
    4.286814939359322     
    4.283251602887527     
    4.279681349203006     
    4.276105329049883     
    4.272524675699575     
    4.268940504544487     
    4.265353912705987     
    4.261765978656737     
    4.258177761857331     
    4.254590302407311     
    4.251004620710498     
    4.247421717154626     
    4.243842571805248     
    4.240268144113847     
    4.236699372640069     
    4.233137174788015     
    4.229582446556475     
    4.226036062302988     
    4.222498874521607     
    4.218971713634217     
    4.215455387795253     
    4.211950682709641     
    4.208458361463773     
    4.204979164369332     
    4.201513808819731     
    4.198062989158952     
    4.194627376562540     
    4.191207618930504     
    4.187804340791845     
    4.184418143220446     
    4.181049603762018     
    4.177699276371802     
    4.174367691362711     
    4.171055355363575     
    4.167762751287150     
    4.164490338307534     
    4.161238551846624     
    4.158007803569232     
    4.154798481386466     
    4.151610949466987     
    4.148445548255705     
    4.145302594499505     
    4.142182381279563     
    4.139085178049789     
    4.136011230680952     
    4.132960761510014     
    4.129933969394169     
    4.126931029769119     
    4.123952094711067     
    4.120997293001903     
    4.118066730197068     
    4.115160488695547     
    4.112278627811432     
    4.109421183846509     
    4.106588170163270     
    4.103779577257780     
    4.100995372831783     
    4.098235501863455     
    4.095499886676142     
    4.092788427004483     
    4.090101000057243     
    4.087437460576184     
    4.084797640890311     
    4.082181350964787     
    4.079588378443800     
    4.077018488686668     
    4.074471424796430     
    4.071946907640166     
    4.069444635860264     
    4.066964285875842     
    4.064505511873509     
    4.062067945786628     
    4.059651197262216     
    4.057254853614624     
    4.054878479765064     
    4.052521618166087     
    4.050183788710036     
    4.047864488620518     
    4.045563192325854     
    4.043279351313521     
    4.041012393964459     
    4.038761725366201     
    4.036526727103643     
    4.034306757026310     
    4.032101148990899     
    4.029909212577848     
    4.027730232780644     
    4.025563469666515     
    4.023408158007146     
    4.021263506877950     
    4.019128699224437     
    4.017002891394108     
    4.014885212632291     
    4.012774764540228     
    4.010670620493708     
    4.008571825020420     
    4.006477393134158     
    4.004386309623924     
    4.002297528295902     
