    5.000000000000000     
    4.995926936827034     
    4.991852676858608     
    4.987776081759555     
    4.983696070751399     
    4.979611619759790     
    4.975521760610152     
    4.971425580268788     
    4.967322220126832     
    4.963210875324456     
    4.959090794112887     
    4.954961277251825     
    4.950821677439944     
    4.946671398776245     
    4.942509896250076     
    4.938336675257713     
    4.934151291143463     
    4.929953348763314     
    4.925742502069192     
    4.921518453711998     
    4.917280954661575     
    4.913029803841887     
    4.908764847779692     
    4.904485980265063     
    4.900193142022150     
    4.895886320388638     
    4.891565549002385     
    4.887230907493773     
    4.882882521182371     
    4.878520560776506     
    4.874145242074432     
    4.869756825665789     
    4.865355616632096     
    4.860941964245082     
    4.856516261661658     
    4.852078945614404     
    4.847630496096474     
    4.843171436039850     
    4.838702330985925     
    4.834223788747428     
    4.829736459060727     
    4.825241033227616     
    4.820738243745680     
    4.816228863926410     
    4.811713707500253     
    4.807193628207821     
    4.802669519376515     
    4.798142313481875     
    4.793612981692958     
    4.789082533401141     
    4.784552015731720     
    4.780022513037752     
    4.775495146375612     
    4.770971072961750     
    4.766451485610207     
    4.761937612150446     
    4.757430714825110     
    4.752932089667343     
    4.748443065857360     
    4.743965005057956     
    4.739499300728721     
    4.735047377418720     
    4.730610690037458     
    4.726190723103977     
    4.721788989973971     
    4.717407032044817     
    4.713046417938489     
    4.708708742662338     
    4.704395626747729     
    4.700108715366629     
    4.695849677426192     
    4.691620204641471     
    4.687422010586425     
    4.683256829723372     
    4.679126416411140     
    4.675032543892136     
    4.670977003258629     
    4.666961602398567     
    4.662988164921257     
    4.659058529063286     
    4.655174546575117     
    4.651338081588754     
    4.647551009466985     
    4.643815215634669     
    4.640132594392628     
    4.636505047714655     
    4.632934484028268     
    4.629422816979787     
    4.625971964184389     
    4.622583845961806     
    4.619260384058347     
    4.616003500355962     
    4.612815115569109     
    4.609697147930148     
    4.606651511864083     
    4.603680116653455     
    4.600784865094195     
    4.597967652143325     
    4.595230363559335     
    4.592574874536171     
    4.590003048331709     
    4.587516734891644     
    4.585117769469768     
    4.582807971245545     
    4.580589141939992     
    4.578463064430844     
    4.576431501367981     
    4.574496193790162     
    4.572658859744040     
    4.570921192906541     
    4.569284861211589     
    4.567751505482271     
    4.566322738069458     
    4.565000141497958     
    4.563785267121257     
    4.562679633785910     
    4.561684726506645     
    4.560801995153258     
    4.560032853150354     
    4.559378676191003     
    4.558840800965377     
    4.558420523905420     
    4.558119099946619     
    4.557937741307899     
    4.557877616290726     
    4.557939848098398     
    4.558125513676597     
    4.558435642576192     
    4.558871215839300     
    4.559433164909599     
    4.560122370567869     
    4.560939661893724     
    4.561885815254490     
    4.562961553322147     
    4.564167544119258     
    4.565504400094785     
    4.566972677230658     
    4.568572874179958     
    4.570305431437548     
    4.572170730543964     
    4.574169093323357     
    4.576300781156249     
    4.578565994287844     
    4.580964871172615     
    4.583497487855833     
    4.586163857392742     
    4.588963929305957     
    4.591897589081754     
    4.594964657705762     
    4.598164891238651     
    4.601497980432317     
    4.604963550387032     
    4.608561160250034     
    4.612290302955964     
    4.616150405009542     
    4.620140826310826     
    4.624260860023394     
    4.628509732485718     
    4.632886603165985     
    4.637390564660592     
    4.642020642736489     
    4.646775796417515     
    4.651654918114850     
    4.656656833801646     
    4.661780303231896     
    4.667024020203518     
    4.672386612865660     
    4.677866644070121     
    4.683462611766814     
    4.689172949443124     
    4.694996026606981     
    4.700930149313443     
    4.706973560734548     
    4.713124441772151     
    4.719380911713424     
    4.725741028928688     
    4.732202791611170     
    4.738764138558285     
    4.745422949993971     
    4.752177048431625     
    4.759024199577080     
    4.765962113271102     
    4.772988444470810     
    4.780100794269421     
    4.787296710953648     
    4.794573691098102     
    4.801929180695984     
    4.809360576325322     
    4.816865226350013     
    4.824440432154861     
    4.832083449413802     
    4.839791489390477     
    4.847561720270276     
    4.855391268522971     
    4.863277220295011     
    4.871216622830547     
    4.879206485920222     
    4.887243783376750     
    4.895325454536268     
    4.903448405784454     
    4.911609512106359     
    4.919805618658907     
    4.928033542364969     
    4.936290073527945     
    4.944571977465731     
    4.952875996162961     
    4.961198849940389     
    4.969537239140274     
    4.977887845826612     
    4.986247335499049     
    4.994612358819309     
    5.002979553348956     
    5.011345545297309     
    5.019706951278313     
    5.028060380075172     
    5.036402434411554     
    5.044729712728157     
    5.053038810963439     
    5.061326324337314     
    5.069588849136601     
    5.077822984501037     
    5.086025334208654     
    5.094192508459322     
    5.102321125655281     
    5.110407814177458     
    5.118449214156424     
    5.126441979236788     
    5.134382778333897     
    5.142268297381670     
    5.150095241070441     
    5.157860334573676     
    5.165560325262438     
    5.173191984406522     
    5.180752108861135     
    5.188237522738084     
    5.195645079060371     
    5.202971661399199     
    5.210214185492309     
    5.217369600842696     
    5.224434892296664     
    5.231407081600280     
    5.238283228933275     
    5.245060434419437     
    5.251735839612617     
    5.258306628957445     
    5.264770031223896     
    5.271123320914851     
    5.277363819645866     
    5.283488897496315     
    5.289495974331166     
    5.295382521092640     
    5.301146061061013     
    5.306784171083902     
    5.312294482773336     
    5.317674683669987     
    5.322922518373941     
    5.328035789641429     
    5.333012359446945     
    5.337850150010228     
    5.342547144787609     
    5.347101389427229     
    5.351510992687698     
    5.355774127319764     
    5.359889030910599     
    5.363854006690358     
    5.367667424300648     
    5.371327720524622     
    5.374833399978417     
    5.378183035763680     
    5.381375270080973     
    5.384408814803855     
    5.387282452013487     
    5.389995034493621     
    5.392545486185861     
    5.394932802605131     
    5.397156051215285     
    5.399214371764850     
    5.401106976582886     
    5.402833150835018     
    5.404392252739679     
    5.405783713744664     
    5.407007038664085     
    5.408061805775895     
    5.408947666880107     
    5.409664347317926     
    5.410211645951990     
    5.410589435107960     
    5.410797660477722     
    5.410836340984483     
    5.410705568610069     
    5.410405508184760     
    5.409936397139997     
    5.409298545224363     
    5.408492334183209     
    5.407518217402343     
    5.406376719516240     
    5.405068435981198     
    5.403594032613931     
    5.401954245096098     
    5.400149878445262     
    5.398181806452816     
    5.396050971089425     
    5.393758381878540     
    5.391305115238560     
    5.388692313794232     
    5.385921185657909     
    5.382993003681262     
    5.379909104678104     
    5.376670888618955     
    5.373279817798010     
    5.369737415973182     
    5.366045267479898     
    5.362205016319335     
    5.358218365221799     
    5.354087074685949     
    5.349812961994600     
    5.345397900207793     
    5.340843817133910     
    5.336152694279530     
    5.331326565778788     
    5.326367517302994     
    5.321277684951235     
    5.316059254122758     
    5.310714458371848     
    5.305245578246010     
    5.299654940108178     
    5.293944914943754     
    5.288117917153219     
    5.282176403331095     
    5.276122871032026     
    5.269959857524753     
    5.263689938534729     
    5.257315726976163     
    5.250839871674238     
    5.244265056078278     
    5.237593996966606     
    5.230829443143865     
    5.223974174131530     
    5.217030998852375     
    5.210002754309627     
    5.202892304261538     
    5.195702537892108     
    5.188436368478685     
    5.181096732057151     
    5.173686586085402     
    5.166208908105834     
    5.158666694407508     
    5.151062958688701     
    5.143400730720511     
    5.135683055012168     
    5.127912989478737     
    5.120093604111839     
    5.112227979654043     
    5.104319206277548     
    5.096370382267776     
    5.088384612712485     
    5.080365008197003     
    5.072314683506153     
    5.064236756333464     
    5.056134345998217     
    5.048010572170867     
    5.039868553607415     
    5.031711406893213     
    5.023542245196747     
    5.015364177033889     
    5.007180305043099     
    4.998993724772078     
    4.990807523476303     
    4.982624778929922     
    4.974448558249427     
    4.966281916730551     
    4.958127896698777     
    4.949989526373866     
    4.941869818748803     
    4.933771770483509     
    4.925698360813694     
    4.917652550475188     
    4.909637280644083     
    4.901655471893013     
    4.893710023163855     
    4.885803810757176     
    4.877939687338666     
    4.870120480962853     
    4.862348994114341     
    4.854628002766807     
    4.846960255459984     
    4.839348472394850     
    4.831795344547214     
    4.824303532799897     
    4.816875667093670     
    4.809514345597125     
    4.802222133895620     
    4.795001564199438     
    4.787855134571290     
    4.780785308173265     
    4.773794512533348     
    4.766885138831578     
    4.760059541205927     
    4.753320036077979     
    4.746668901498460     
    4.740108376512653     
    4.733640660545752     
    4.727267912808159     
    4.720992251720762     
    4.714815754360165     
    4.708740455923889     
    4.702768349215524     
    4.696901384149784     
    4.691141467277467     
    4.685490461330228     
    4.679950184785159     
    4.674522411449072     
    4.669208870062444     
    4.664011243922923     
    4.658931170528315     
    4.653970241238961     
    4.649130000959393     
    4.644411947839155     
    4.639817532992679     
    4.635348160238092     
    4.631005185854799     
    4.626789918359743     
    4.622703618302152     
    4.618747498076656     
    4.614922721754597     
    4.611230404933380     
    4.607671614603688     
    4.604247369034389     
    4.600958637674964     
    4.597806341075261     
    4.594791350822391     
    4.591914489494576     
    4.589176530631757     
    4.586578198722737     
    4.584120169208688     
    4.581803068502795     
    4.579627474025822     
    4.577593914257404     
    4.575702868802821     
    4.573954768475067     
    4.572349995391959     
    4.570888883088089     
    4.569571716641369     
    4.568398732813961     
    4.567370120207344     
    4.566486019431300     
    4.565746523286577     
    4.565151676960999     
    4.564701478238785     
    4.564395877722841     
    4.564234779069801     
    4.564218039237550     
    4.564345468745021     
    4.564616831944019     
    4.565031847302828     
    4.565590187701367     
    4.566291480737663     
    4.567135309045397     
    4.568121210622289     
    4.569248679169096     
    4.570517164438963     
    4.571926072596925     
    4.573474766589312     
    4.575162566522812     
    4.576988750052993     
    4.578952552782028     
    4.581053168665411     
    4.583289750427435     
    4.585661409985205     
    4.588167218880964     
    4.590806208722529     
    4.593577371631585     
    4.596479660699663     
    4.599511990451548     
    4.602673237315944     
    4.605962240103152     
    4.609377800489583     
    4.612918683508884     
    4.616583618049482     
    4.620371297358355     
    4.624280379550815     
    4.628309488126125     
    4.632457212488761     
    4.636722108475117     
    4.641102698885475     
    4.645597474021072     
    4.650204892226053     
    4.654923380434170     
    4.659751334720015     
    4.664687120854666     
    4.669729074865516     
    4.674875503600182     
    4.680124685294289     
    4.685474870142989     
    4.690924280876061     
    4.696471113336428     
    4.702113537061953     
    4.707849695870361     
    4.713677708447145     
    4.719595668936316     
    4.725601647533859     
    4.731693691083757     
    4.737869823676465     
    4.744128047249677     
    4.750466342191295     
    4.756882667944449     
    4.763374963614461     
    4.769941148577634     
    4.776579123091746     
    4.783286768908148     
    4.790061949885335     
    4.796902512603918     
    4.803806286982849     
    4.810771086896841     
    4.817794710794849     
    4.824874942319535     
    4.832009550927618     
    4.839196292511010     
    4.846432910018665     
    4.853717134079023     
    4.861046683623006     
    4.868419266507443     
    4.875832580138862     
    4.883284312097574     
    4.890772140761950     
    4.898293735932845     
    4.905846759458065     
    4.913428865856831     
    4.921037702944147     
    4.928670912455021     
    4.936326130668455     
    4.944000989031156     
    4.951693114780889     
    4.959400131569407     
    4.967119660084905     
    4.974849318673944     
    4.982586723962750     
    4.990329491477870     
    4.998075236266102     
    5.005821573513648     
    5.013566119164429     
    5.021306490537512     
    5.029040306943592     
    5.036765190300465     
    5.044478765747446     
    5.052178662258675     
    5.059862513255256     
    5.067527957216172     
    5.075172638287929     
    5.082794206892861     
    5.090390320336058     
    5.097958643410854     
    5.105496849002814     
    5.113002618692181     
    5.120473643354710     
    5.127907623760849     
    5.135302271173192     
    5.142655307942166     
    5.149964468099886     
    5.157227497952109     
    5.164442156668247     
    5.171606216869368     
    5.178717465214113     
    5.185773702982500     
    5.192772746657501     
    5.199712428504381     
    5.206590597147699     
    5.213405118145898     
    5.220153874563459     
    5.226834767540491     
    5.233445716859732     
    5.239984661510862     
    5.246449560252062     
    5.252838392168747     
    5.259149157229380     
    5.265379876838306     
    5.271528594385507     
    5.277593375793209     
    5.283572310059244     
    5.289463509797086     
    5.295265111772475     
    5.300975277436519     
    5.306592193455211     
    5.312114072235233     
    5.317539152445978     
    5.322865699537664     
    5.328092006255463     
    5.333216393149517     
    5.338237209080753     
    5.343152831722382     
    5.347961668056957     
    5.352662154868910     
    5.357252759232415     
    5.361731978994479     
    5.366098343253146     
    5.370350412830671     
    5.374486780741563     
    5.378506072655342     
    5.382406947353915     
    5.386188097183402     
    5.389848248500309     
    5.393386162111892     
    5.396800633710583     
    5.400090494302329     
    5.403254610628709     
    5.406291885582681     
    5.409201258617810     
    5.411981706150823     
    5.414632241957351     
    5.417151917560693     
    5.419539822613448     
    5.421795085271869     
    5.423916872562754     
    5.425904390742743     
    5.427756885649835     
    5.429473643046961     
    5.431053988957471     
    5.432497289992323     
    5.433802953668849     
    5.434970428720893     
    5.435999205400168     
    5.436888815768643     
    5.437638833981804     
    5.438248876562582     
    5.438718602665805     
    5.439047714332967     
    5.439235956737150     
    5.439283118417915     
    5.439189031505975     
    5.438953571937473     
    5.438576659657692     
    5.438058258813991     
    5.437398377937804     
    5.436597070115517     
    5.435654433148031     
    5.434570609698830     
    5.433345787430385     
    5.431980199128689     
    5.430474122815761     
    5.428827881849930     
    5.427041845013712     
    5.425116426589117     
    5.423052086420194     
    5.420849329962638     
    5.418508708320296     
    5.416030818268378     
    5.413416302263218     
    5.410665848438405     
    5.407780190587122     
    5.404760108130516     
    5.401606426071949     
    5.398320014936954     
    5.394901790698754     
    5.391352714689167     
    5.387673793494768     
    5.383866078838134     
    5.379930667444047     
    5.375868700890499     
    5.371681365444362     
    5.367369891881594     
    5.362935555291840     
    5.358379674867318     
    5.353703613675839     
    5.348908778417879     
    5.343996619167564     
    5.338968629097464     
    5.333826344187114     
    5.328571342915126     
    5.323205245934851     
    5.317729715733451     
    5.312146456274348     
    5.306457212622950     
    5.300663770555587     
    5.294767956151611     
    5.288771635368597     
    5.282676713600591     
    5.276485135219379     
    5.270198883098737     
    5.263819978121631     
    5.257350478670361     
    5.250792480099632     
    5.244148114192543     
    5.237419548599526     
    5.230608986260203     
    5.223718664808244     
    5.216750855959194     
    5.209707864881368     
    5.202592029549812     
    5.195405720083424     
    5.188151338065289     
    5.180831315846300     
    5.173448115832159     
    5.166004229753853     
    5.158502177921706     
    5.150944508463125     
    5.143333796544168     
    5.135672643575066     
    5.127963676399845     
    5.120209546470212     
    5.112412929003852     
    5.104576522127344     
    5.096703046003848     
    5.088795241945792     
    5.080855871512759     
    5.072887715594775     
    5.064893573481261     
    5.056876261915874     
    5.048838614137481     
    5.040783478907556     
    5.032713719524244     
    5.024632212823413     
    5.016541848166953     
    5.008445526418671     
    5.000346158908063     
    4.992246666382325     
    4.984149977946926     
    4.976059029995107     
    4.967976765126658     
    4.959906131056363     
    4.951850079512488     
    4.943811565125715     
    4.935793544308920     
    4.927798974128229     
    4.919830811165766     
    4.911892010374546     
    4.903985523925948     
    4.896114300050241     
    4.888281281870624     
    4.880489406231277     
    4.872741602519882     
    4.865040791485151     
    4.857389884049841     
    4.849791780119793     
    4.842249367389511     
    4.834765520144829     
    4.827343098063198     
    4.819984945012163     
    4.812693887846580     
    4.805472735205142     
    4.798324276306809     
    4.791251279747704     
    4.784256492299089     
    4.777342637707002     
    4.770512415494181     
    4.763768499764865     
    4.757113538013109     
    4.750550149935235     
    4.744080926247028     
    4.737708427506346     
    4.731435182941754     
    4.725263689287830     
    4.719196409627811     
    4.713235772244196     
    4.707384169477993     
    4.701643956597241     
    4.696017450675478     
    4.690506929480811     
    4.685114630376256     
    4.679842749231996     
    4.674693439350241     
    4.669668810403337     
    4.664770927385787     
    4.660001809580859     
    4.655363429542431     
    4.650857712092733     
    4.646486533336638     
    4.642251719693177     
    4.638155046944895     
    4.634198239305724     
    4.630382968508001     
    4.626710852909265     
    4.623183456619484     
    4.619802288649312     
    4.616568802080018     
    4.613484393255691     
    4.610550400998326     
    4.607768105846390     
    4.605138729317460     
    4.602663433195509     
    4.600343318843417     
    4.598179426541260     
    4.596172734850935     
    4.594324160007655     
    4.592634555338845     
    4.591104710710954     
    4.589735352004687     
    4.588527140619139     
    4.587480673005327     
    4.586596480229555     
    4.585875027567083     
    4.585316714126524     
    4.584921872505379     
    4.584690768477122     
    4.584623600710218     
    4.584720500519428     
    4.584981531649771     
    4.585406690093457     
    4.585995903940115     
    4.586749033260613     
    4.587665870024730     
    4.588746138052954     
    4.589989493002633     
    4.591395522388697     
    4.592963745639137     
    4.594693614185435     
    4.596584511588077     
    4.598635753697285     
    4.600846588849087     
    4.603216198096795     
    4.605743695477965     
    4.608428128316879     
    4.611268477562555     
    4.614263658162300     
    4.617412519470750     
    4.620713845694368     
    4.624166356371303     
    4.627768706886517     
    4.631519489022061     
    4.635417231542325     
    4.639460400814121     
    4.643647401461362     
    4.647976577054147     
    4.652446210831979     
    4.657054526460843     
    4.661799688823867     
    4.666679804845213     
    4.671692924346869     
    4.676837040937960     
    4.682110092936188     
    4.687509964320971     
    4.693034485717837     
    4.698681435413605     
    4.704448540401861     
    4.710333477458194     
    4.716333874244678     
    4.722447310443005     
    4.728671318915708     
    4.735003386894838     
    4.741440957197478     
    4.747981429467441     
    4.754622161442452     
    4.761360470246140     
    4.768193633704112     
    4.775118891683363     
    4.782133447454266     
    4.789234469074360     
    4.796419090793148     
    4.803684414477063     
    4.811027511053792     
    4.818445421975092     
    4.825935160697217     
    4.833493714178098     
    4.841118044390346     
    4.848805089849170     
    4.856551767154278     
    4.864354972544820     
    4.872211583466404     
    4.880118460149218     
    4.888072447196273     
    4.896070375180779     
    4.904109062251639     
    4.912185315746055     
    4.920295933808214     
    4.928437707013040     
    4.936607419993951     
    4.944801853073601     
    4.953017783896533     
    4.961251989062710     
    4.969501245760856     
    4.977762333400539     
    4.986032035241952     
    4.994307140022304     
    5.002584443577776     
    5.010860750459973     
    5.019132875545795     
    5.027397645639687     
    5.035651901067202     
    5.043892497258814     
    5.052116306322955     
    5.060320218607212     
    5.068501144246660     
    5.076656014698300     
    5.084781784260583     
    5.092875431577016     
    5.100933961122832     
    5.108954404673764     
    5.116933822755916     
    5.124869306075794     
    5.132757976929533     
    5.140596990590378     
    5.148383536673530     
    5.156114840477408     
    5.163788164300489     
    5.171400808732814     
    5.178950113921346     
    5.186433460808319     
    5.193848272341800     
    5.201192014657641     
    5.208462198232078     
    5.215656379004217     
    5.222772159467701     
    5.229807189730831     
    5.236759168544503     
    5.243625844297272     
    5.250405015976956     
    5.257094534098154     
    5.263692301595113     
    5.270196274679416     
    5.276604463661947     
    5.282914933738665     
    5.289125805739715     
    5.295235256841450     
    5.301241521240964     
    5.307142890792750     
    5.312937715607160     
    5.318624404610337     
    5.324201426065350     
    5.329667308054271     
    5.335020638920985     
    5.340260067674531     
    5.345384304352830     
    5.350392120346666     
    5.355282348683827     
    5.360053884273343     
    5.364705684109796     
    5.369236767437696     
    5.373646215875948     
    5.377933173502504     
    5.382096846899252     
    5.386136505157304     
    5.390051479842828     
    5.393841164923606     
    5.397505016656549     
    5.401042553436412     
    5.404453355605997     
    5.407737065228143     
    5.410893385819845     
    5.413922082048886     
    5.416822979393356     
    5.419595963764500     
    5.422240981093349     
    5.424758036881602     
    5.427147195717275     
    5.429408580755667     
    5.431542373166164     
    5.433548811545510     
    5.435428191298120     
    5.437180863984095     
    5.438807236635570     
    5.440307771042097     
    5.441682983005752     
    5.442933441566689     
    5.444059768199883     
    5.445062635983830     
    5.445942768741972     
    5.446700940157660     
    5.447337972863460     
    5.447854737505635     
    5.448252151784652     
    5.448531179472584     
    5.448692829408253     
    5.448738154471041     
    5.448668250534243     
    5.448484255398870     
    5.448187347708846     
    5.447778745848496     
    5.447259706823294     
    5.446631525124788     
    5.445895531580674     
    5.445053092190959     
    5.444105606951188     
    5.443054508663673     
    5.441901261737731     
    5.440647360979846     
    5.439294330374770     
    5.437843721858494     
    5.436297114084081     
    5.434656111181301     
    5.432922341511043     
    5.431097456415453     
    5.429183128964744     
    5.427181052701630     
    5.425092940384315     
    5.422920522728960     
    5.420665547152563     
    5.418329776517140     
    5.415914987876131     
    5.413422971223893     
    5.410855528249177     
    5.408214471093436     
    5.405501621114825     
    5.402718807658711     
    5.399867866835528     
    5.396950640306773     
    5.393968974079915     
    5.390924717313011     
    5.387819721129754     
    5.384655837445698     
    5.381434917806367     
    5.378158812237931     
    5.374829368111143     
    5.371448429019144     
    5.368017833669814     
    5.364539414793233     
    5.361014998064847     
    5.357446401044908     
    5.353835432134707     
    5.350183889550117     
    5.346493560312935     
    5.342766219260474     
    5.339003628073852     
    5.335207534325384     
    5.331379670545447     
    5.327521753309209     
    5.323635482343510     
    5.319722539654239     
    5.315784588674457     
    5.311823273433530     
    5.307840217747495     
    5.303837024430850     
    5.299815274529937     
    5.295776526578064     
    5.291722315872476     
    5.287654153773260     
    5.283573527024242     
    5.279481897095911     
    5.275380699550366     
    5.271271343428268     
    5.267155210657732     
    5.263033655485103     
    5.258908003927478     
    5.254779553246864     
    5.250649571445795     
    5.246519296784231     
    5.242389937317506     
    5.238262670455105     
    5.234138642539969     
    5.230018968448075     
    5.225904731207916     
    5.221796981639582     
    5.217696738013033     
    5.213604985725174     
    5.209522676995312     
    5.205450730578540     
    5.201390031496555     
    5.197341430785433     
    5.193305745259822     
    5.189283757292992     
    5.185276214612172     
    5.181283830108594     
    5.177307281661567     
    5.173347211975990     
    5.169404228432587     
    5.165478902950175     
    5.161571771859271     
    5.157683335786236     
    5.153814059547246     
    5.149964372051248     
    5.146134666211113     
    5.142325298862123     
    5.138536590686940     
    5.134768826146153     
    5.131022253413503     
    5.127297084314825     
    5.123593494269755     
    5.119911622235216     
    5.116251570649643     
    5.112613405376933     
    5.108997155649029     
    5.105402814006052     
    5.101830336232847     
    5.098279641290809     
    5.094750611243782     
    5.091243091176841     
    5.087756889106696     
    5.084291775882468     
    5.080847485075495     
    5.077423712856864     
    5.074020117861266     
    5.070636321035777     
    5.067271905472093     
    5.063926416220768     
    5.060599360085879     
    5.057290205398568     
    5.053998381767848     
    5.050723279806979     
    5.047464250833739     
    5.044220606542776     
    5.040991618648266     
    5.037776518494965     
    5.034574496635744     
    5.031384702373586     
    5.028206243265999     
    5.025038184589703     
    5.021879548763377     
    5.018729314726206     
    5.015586417269842     
    5.012449746321336     
    5.009318146174522     
    5.006190414667192     
    5.003065302301363     
