   -5.500000000000000     
   -5.490000000000000     
   -5.480000000000000     
   -5.470000000000000     
   -5.460000000000000     
   -5.450000000000000     
   -5.440000000000000     
   -5.430000000000000     
   -5.420000000000000     
   -5.410000000000000     
   -5.400000000000000     
   -5.390000000000000     
   -5.380000000000000     
   -5.370000000000000     
   -5.360000000000000     
   -5.350000000000000     
   -5.340000000000000     
   -5.330000000000000     
   -5.320000000000000     
   -5.310000000000000     
   -5.300000000000000     
   -5.290000000000000     
   -5.280000000000000     
   -5.270000000000000     
   -5.260000000000000     
   -5.250000000000000     
   -5.240000000000000     
   -5.230000000000000     
   -5.220000000000000     
   -5.210000000000000     
   -5.200000000000000     
   -5.190000000000000     
   -5.180000000000000     
   -5.170000000000000     
   -5.160000000000000     
   -5.150000000000000     
   -5.140000000000000     
   -5.130000000000000     
   -5.120000000000000     
   -5.110000000000000     
   -5.100000000000000     
   -5.090000000000000     
   -5.080000000000000     
   -5.070000000000000     
   -5.060000000000000     
   -5.050000000000000     
   -5.040000000000000     
   -5.030000000000000     
   -5.020000000000000     
   -5.010000000000000     
   -5.000000000000000     
   -4.990000000000000     
   -4.980000000000000     
   -4.970000000000000     
   -4.960000000000000     
   -4.950000000000000     
   -4.940000000000000     
   -4.930000000000000     
   -4.920000000000000     
   -4.910000000000000     
   -4.900000000000000     
   -4.890000000000000     
   -4.880000000000000     
   -4.870000000000000     
   -4.860000000000000     
   -4.850000000000000     
   -4.840000000000000     
   -4.830000000000000     
   -4.820000000000000     
   -4.810000000000000     
   -4.800000000000000     
   -4.790000000000000     
   -4.780000000000000     
   -4.770000000000000     
   -4.760000000000000     
   -4.750000000000000     
   -4.740000000000000     
   -4.730000000000000     
   -4.720000000000000     
   -4.710000000000000     
   -4.700000000000000     
   -4.690000000000000     
   -4.680000000000000     
   -4.670000000000000     
   -4.660000000000000     
   -4.650000000000000     
   -4.640000000000000     
   -4.630000000000000     
   -4.620000000000000     
   -4.610000000000000     
   -4.600000000000000     
   -4.590000000000000     
   -4.580000000000000     
   -4.570000000000000     
   -4.560000000000000     
   -4.550000000000000     
   -4.540000000000000     
   -4.530000000000000     
   -4.520000000000000     
   -4.510000000000000     
   -4.500000000000000     
   -4.490000000000000     
   -4.480000000000000     
   -4.470000000000000     
   -4.460000000000000     
   -4.450000000000000     
   -4.440000000000000     
   -4.430000000000000     
   -4.420000000000000     
   -4.410000000000000     
   -4.400000000000000     
   -4.390000000000000     
   -4.380000000000000     
   -4.370000000000000     
   -4.359999999999999     
   -4.350000000000000     
   -4.340000000000000     
   -4.330000000000000     
   -4.320000000000000     
   -4.310000000000000     
   -4.300000000000000     
   -4.290000000000000     
   -4.280000000000000     
   -4.270000000000000     
   -4.260000000000000     
   -4.250000000000000     
   -4.240000000000000     
   -4.230000000000000     
   -4.220000000000000     
   -4.210000000000000     
   -4.200000000000000     
   -4.190000000000000     
   -4.180000000000000     
   -4.170000000000000     
   -4.160000000000000     
   -4.150000000000000     
   -4.140000000000000     
   -4.130000000000000     
   -4.120000000000000     
   -4.109999999999999     
   -4.100000000000000     
   -4.090000000000000     
   -4.080000000000000     
   -4.070000000000000     
   -4.060000000000000     
   -4.050000000000000     
   -4.040000000000000     
   -4.030000000000000     
   -4.020000000000000     
   -4.010000000000000     
   -4.000000000000000     
   -3.990000000000000     
   -3.980000000000000     
   -3.970000000000000     
   -3.960000000000000     
   -3.950000000000000     
   -3.940000000000000     
   -3.930000000000000     
   -3.920000000000000     
   -3.910000000000000     
   -3.900000000000000     
   -3.890000000000000     
   -3.880000000000000     
   -3.870000000000000     
   -3.860000000000000     
   -3.850000000000000     
   -3.840000000000000     
   -3.830000000000000     
   -3.820000000000000     
   -3.810000000000000     
   -3.800000000000000     
   -3.790000000000000     
   -3.780000000000000     
   -3.770000000000000     
   -3.760000000000000     
   -3.750000000000000     
   -3.740000000000000     
   -3.730000000000000     
   -3.720000000000000     
   -3.710000000000000     
   -3.700000000000000     
   -3.690000000000000     
   -3.680000000000000     
   -3.670000000000000     
   -3.660000000000000     
   -3.650000000000000     
   -3.640000000000000     
   -3.630000000000000     
   -3.620000000000000     
   -3.610000000000000     
   -3.600000000000000     
   -3.590000000000000     
   -3.580000000000000     
   -3.570000000000000     
   -3.560000000000000     
   -3.550000000000000     
   -3.540000000000000     
   -3.530000000000000     
   -3.520000000000000     
   -3.510000000000000     
   -3.500000000000000     
   -3.490000000000000     
   -3.480000000000000     
   -3.470000000000000     
   -3.460000000000000     
   -3.450000000000000     
   -3.440000000000000     
   -3.430000000000000     
   -3.420000000000000     
   -3.410000000000000     
   -3.400000000000000     
   -3.390000000000000     
   -3.380000000000000     
   -3.370000000000000     
   -3.360000000000000     
   -3.350000000000000     
   -3.340000000000000     
   -3.330000000000000     
   -3.320000000000000     
   -3.310000000000000     
   -3.300000000000000     
   -3.290000000000000     
   -3.280000000000000     
   -3.270000000000000     
   -3.260000000000000     
   -3.250000000000000     
   -3.240000000000000     
   -3.230000000000000     
   -3.220000000000000     
   -3.210000000000000     
   -3.200000000000000     
   -3.190000000000000     
   -3.180000000000000     
   -3.170000000000000     
   -3.160000000000000     
   -3.150000000000000     
   -3.140000000000000     
   -3.130000000000000     
   -3.120000000000000     
   -3.110000000000000     
   -3.100000000000000     
   -3.090000000000000     
   -3.080000000000000     
   -3.070000000000000     
   -3.060000000000000     
   -3.050000000000000     
   -3.040000000000000     
   -3.030000000000000     
   -3.020000000000000     
   -3.010000000000000     
   -3.000000000000000     
   -2.990000000000000     
   -2.980000000000000     
   -2.970000000000000     
   -2.960000000000000     
   -2.950000000000000     
   -2.940000000000000     
   -2.930000000000000     
   -2.920000000000000     
   -2.910000000000000     
   -2.900000000000000     
   -2.890000000000000     
   -2.880000000000000     
   -2.870000000000000     
   -2.860000000000000     
   -2.850000000000000     
   -2.840000000000000     
   -2.830000000000000     
   -2.820000000000000     
   -2.810000000000000     
   -2.800000000000000     
   -2.790000000000000     
   -2.780000000000000     
   -2.770000000000000     
   -2.760000000000000     
   -2.750000000000000     
   -2.740000000000000     
   -2.730000000000000     
   -2.720000000000000     
   -2.710000000000000     
   -2.700000000000000     
   -2.690000000000000     
   -2.680000000000000     
   -2.670000000000000     
   -2.660000000000000     
   -2.650000000000000     
   -2.640000000000000     
   -2.630000000000000     
   -2.620000000000000     
   -2.610000000000000     
   -2.600000000000000     
   -2.590000000000000     
   -2.580000000000000     
   -2.570000000000000     
   -2.560000000000000     
   -2.550000000000000     
   -2.540000000000000     
   -2.530000000000000     
   -2.520000000000000     
   -2.510000000000000     
   -2.500000000000000     
   -2.490000000000000     
   -2.480000000000000     
   -2.470000000000000     
   -2.460000000000000     
   -2.450000000000000     
   -2.440000000000000     
   -2.430000000000000     
   -2.420000000000000     
   -2.410000000000000     
   -2.400000000000000     
   -2.390000000000000     
   -2.380000000000000     
   -2.370000000000000     
   -2.360000000000000     
   -2.350000000000000     
   -2.340000000000000     
   -2.330000000000000     
   -2.320000000000000     
   -2.310000000000000     
   -2.300000000000000     
   -2.290000000000000     
   -2.280000000000000     
   -2.270000000000000     
   -2.260000000000000     
   -2.250000000000000     
   -2.240000000000000     
   -2.230000000000000     
   -2.220000000000000     
   -2.210000000000000     
   -2.200000000000000     
   -2.190000000000000     
   -2.180000000000000     
   -2.170000000000000     
   -2.160000000000000     
   -2.150000000000000     
   -2.140000000000000     
   -2.130000000000000     
   -2.120000000000000     
   -2.110000000000000     
   -2.100000000000000     
   -2.090000000000000     
   -2.080000000000000     
   -2.070000000000000     
   -2.060000000000000     
   -2.050000000000000     
   -2.040000000000000     
   -2.030000000000000     
   -2.020000000000000     
   -2.010000000000000     
   -2.000000000000000     
   -1.990000000000000     
   -1.980000000000000     
   -1.970000000000000     
   -1.960000000000000     
   -1.950000000000000     
   -1.940000000000000     
   -1.930000000000000     
   -1.920000000000000     
   -1.910000000000000     
   -1.900000000000000     
   -1.890000000000000     
   -1.880000000000000     
   -1.870000000000000     
   -1.860000000000000     
   -1.850000000000000     
   -1.840000000000000     
   -1.830000000000000     
   -1.820000000000000     
   -1.810000000000000     
   -1.800000000000000     
   -1.790000000000000     
   -1.780000000000000     
   -1.770000000000000     
   -1.760000000000000     
   -1.750000000000000     
   -1.740000000000000     
   -1.730000000000000     
   -1.720000000000000     
   -1.710000000000000     
   -1.700000000000000     
   -1.690000000000000     
   -1.680000000000000     
   -1.670000000000000     
   -1.660000000000000     
   -1.650000000000000     
   -1.640000000000000     
   -1.630000000000000     
   -1.620000000000000     
   -1.610000000000000     
   -1.600000000000000     
   -1.590000000000000     
   -1.580000000000000     
   -1.570000000000000     
   -1.560000000000000     
   -1.550000000000000     
   -1.540000000000000     
   -1.530000000000000     
   -1.520000000000000     
   -1.510000000000000     
   -1.500000000000000     
   -1.490000000000000     
   -1.480000000000000     
   -1.470000000000000     
   -1.460000000000000     
   -1.450000000000000     
   -1.440000000000000     
   -1.430000000000000     
   -1.420000000000000     
   -1.410000000000000     
   -1.400000000000000     
   -1.390000000000000     
   -1.380000000000000     
   -1.370000000000000     
   -1.360000000000000     
   -1.350000000000000     
   -1.340000000000000     
   -1.330000000000000     
   -1.320000000000000     
   -1.310000000000000     
   -1.300000000000000     
   -1.290000000000000     
   -1.280000000000000     
   -1.270000000000000     
   -1.260000000000000     
   -1.250000000000000     
   -1.240000000000000     
   -1.230000000000000     
   -1.220000000000000     
   -1.210000000000000     
   -1.200000000000000     
   -1.190000000000000     
   -1.180000000000000     
   -1.170000000000000     
   -1.160000000000000     
   -1.149999999999999     
   -1.140000000000000     
   -1.130000000000000     
   -1.120000000000000     
   -1.110000000000000     
   -1.100000000000000     
   -1.090000000000000     
   -1.080000000000000     
   -1.070000000000000     
   -1.060000000000000     
   -1.050000000000000     
   -1.040000000000000     
   -1.030000000000000     
   -1.020000000000000     
   -1.010000000000000     
   -1.000000000000000     
  -0.9900000000000002     
  -0.9799999999999995     
  -0.9699999999999998     
  -0.9600000000000000     
  -0.9500000000000002     
  -0.9399999999999995     
  -0.9299999999999997     
  -0.9199999999999999     
  -0.9100000000000001     
  -0.8999999999999995     
  -0.8899999999999997     
  -0.8799999999999999     
  -0.8700000000000001     
  -0.8600000000000003     
  -0.8499999999999996     
  -0.8399999999999999     
  -0.8300000000000001     
  -0.8200000000000003     
  -0.8099999999999996     
  -0.7999999999999998     
  -0.7900000000000000     
  -0.7800000000000002     
  -0.7699999999999996     
  -0.7599999999999998     
  -0.7500000000000000     
  -0.7400000000000002     
  -0.7299999999999995     
  -0.7199999999999998     
  -0.7100000000000000     
  -0.7000000000000002     
  -0.6899999999999995     
  -0.6799999999999997     
  -0.6699999999999999     
  -0.6600000000000001     
  -0.6499999999999995     
  -0.6399999999999997     
  -0.6299999999999999     
  -0.6200000000000001     
  -0.6100000000000003     
  -0.5999999999999996     
  -0.5899999999999999     
  -0.5800000000000001     
  -0.5700000000000003     
  -0.5599999999999996     
  -0.5499999999999998     
  -0.5400000000000000     
  -0.5300000000000002     
  -0.5199999999999996     
  -0.5099999999999998     
  -0.5000000000000000     
  -0.4900000000000002     
  -0.4799999999999995     
  -0.4699999999999998     
  -0.4600000000000000     
  -0.4500000000000002     
  -0.4399999999999995     
  -0.4299999999999997     
  -0.4199999999999999     
  -0.4100000000000001     
  -0.3999999999999995     
  -0.3899999999999997     
  -0.3799999999999999     
  -0.3700000000000001     
  -0.3600000000000003     
  -0.3499999999999996     
  -0.3399999999999999     
  -0.3300000000000001     
  -0.3200000000000003     
  -0.3099999999999996     
  -0.2999999999999998     
  -0.2900000000000000     
  -0.2800000000000002     
  -0.2699999999999996     
  -0.2599999999999998     
  -0.2500000000000000     
  -0.2400000000000002     
  -0.2299999999999995     
  -0.2199999999999998     
  -0.2100000000000000     
  -0.2000000000000002     
  -0.1899999999999995     
  -0.1799999999999997     
  -0.1699999999999999     
  -0.1600000000000001     
  -0.1499999999999995     
  -0.1399999999999997     
  -0.1299999999999999     
  -0.1200000000000001     
  -0.1100000000000003     
  -9.9999999999999645E-002
  -8.9999999999999858E-002
  -8.0000000000000071E-002
  -7.0000000000000284E-002
  -5.9999999999999609E-002
  -4.9999999999999822E-002
  -4.0000000000000036E-002
  -3.0000000000000249E-002
  -1.9999999999999574E-002
  -9.9999999999997868E-003
    0.000000000000000     
   9.9999999999997868E-003
   2.0000000000000462E-002
   3.0000000000000249E-002
   4.0000000000000036E-002
   4.9999999999999822E-002
   6.0000000000000497E-002
   7.0000000000000284E-002
   8.0000000000000071E-002
   8.9999999999999858E-002
   0.1000000000000005     
   0.1100000000000003     
   0.1200000000000001     
   0.1299999999999999     
   0.1399999999999997     
   0.1500000000000004     
   0.1600000000000001     
   0.1699999999999999     
   0.1799999999999997     
   0.1900000000000004     
   0.2000000000000002     
   0.2100000000000000     
   0.2199999999999998     
   0.2300000000000004     
   0.2400000000000002     
   0.2500000000000000     
   0.2599999999999998     
   0.2700000000000005     
   0.2800000000000002     
   0.2900000000000000     
   0.2999999999999998     
   0.3100000000000005     
   0.3200000000000003     
   0.3300000000000001     
   0.3399999999999999     
   0.3500000000000005     
   0.3600000000000003     
   0.3700000000000001     
   0.3799999999999999     
   0.3899999999999997     
   0.4000000000000004     
   0.4100000000000001     
   0.4199999999999999     
   0.4299999999999997     
   0.4400000000000004     
   0.4500000000000002     
   0.4600000000000000     
   0.4699999999999998     
   0.4800000000000004     
   0.4900000000000002     
   0.5000000000000000     
   0.5099999999999998     
   0.5200000000000005     
   0.5300000000000002     
   0.5400000000000000     
   0.5499999999999998     
   0.5600000000000005     
   0.5700000000000003     
   0.5800000000000001     
   0.5899999999999999     
   0.6000000000000005     
   0.6100000000000003     
   0.6200000000000001     
   0.6299999999999999     
   0.6400000000000006     
   0.6500000000000004     
   0.6600000000000001     
   0.6699999999999999     
   0.6799999999999997     
   0.6900000000000004     
   0.7000000000000002     
   0.7100000000000000     
   0.7199999999999998     
   0.7300000000000004     
   0.7400000000000002     
   0.7500000000000000     
   0.7599999999999998     
   0.7700000000000005     
   0.7800000000000002     
   0.7900000000000000     
   0.7999999999999998     
   0.8100000000000005     
   0.8200000000000003     
   0.8300000000000001     
   0.8399999999999999     
   0.8500000000000005     
   0.8600000000000003     
   0.8700000000000001     
   0.8799999999999999     
   0.8900000000000006     
   0.9000000000000004     
   0.9100000000000001     
   0.9199999999999999     
   0.9299999999999997     
   0.9400000000000004     
   0.9500000000000002     
   0.9600000000000000     
   0.9699999999999998     
   0.9800000000000004     
   0.9900000000000002     
    1.000000000000000     
    1.010000000000000     
    1.020000000000000     
    1.030000000000000     
    1.040000000000000     
    1.050000000000000     
    1.060000000000000     
    1.070000000000000     
    1.080000000000000     
    1.090000000000000     
    1.100000000000001     
    1.110000000000000     
    1.120000000000000     
    1.130000000000000     
    1.140000000000001     
    1.150000000000000     
    1.160000000000000     
    1.170000000000000     
    1.180000000000000     
    1.190000000000000     
    1.200000000000000     
    1.210000000000000     
    1.220000000000000     
    1.230000000000000     
    1.240000000000000     
    1.250000000000000     
    1.260000000000000     
    1.270000000000000     
    1.280000000000000     
    1.290000000000000     
    1.300000000000000     
    1.310000000000000     
    1.320000000000000     
    1.330000000000000     
    1.340000000000000     
    1.350000000000001     
    1.360000000000000     
    1.370000000000000     
    1.380000000000000     
    1.390000000000001     
    1.400000000000000     
    1.410000000000000     
    1.420000000000000     
    1.430000000000000     
    1.440000000000000     
    1.450000000000000     
    1.460000000000000     
    1.470000000000000     
    1.480000000000000     
    1.490000000000000     
    1.500000000000000     
    1.510000000000000     
    1.520000000000000     
    1.530000000000000     
    1.540000000000000     
    1.550000000000000     
    1.560000000000000     
    1.570000000000000     
    1.580000000000000     
    1.590000000000000     
    1.600000000000001     
    1.610000000000000     
    1.620000000000000     
    1.630000000000000     
    1.640000000000001     
    1.650000000000000     
    1.660000000000000     
    1.670000000000000     
    1.680000000000000     
    1.690000000000000     
    1.700000000000000     
    1.710000000000000     
    1.720000000000000     
    1.730000000000000     
    1.740000000000000     
    1.750000000000000     
    1.760000000000000     
    1.770000000000000     
    1.780000000000000     
    1.790000000000000     
    1.800000000000000     
    1.810000000000000     
    1.820000000000000     
    1.830000000000000     
    1.840000000000000     
    1.850000000000001     
    1.860000000000000     
    1.870000000000000     
    1.880000000000000     
    1.890000000000001     
    1.900000000000000     
    1.910000000000000     
    1.920000000000000     
    1.930000000000000     
    1.940000000000000     
    1.950000000000000     
    1.960000000000000     
    1.970000000000000     
    1.980000000000000     
    1.990000000000000     
    2.000000000000000     
    2.010000000000000     
    2.020000000000000     
    2.030000000000000     
    2.040000000000000     
    2.050000000000000     
    2.060000000000000     
    2.070000000000000     
    2.080000000000000     
    2.090000000000000     
    2.100000000000001     
    2.110000000000000     
    2.120000000000000     
    2.130000000000000     
    2.140000000000001     
    2.150000000000000     
    2.160000000000000     
    2.170000000000000     
    2.180000000000000     
    2.190000000000000     
    2.200000000000000     
    2.210000000000000     
    2.220000000000000     
    2.230000000000000     
    2.240000000000000     
    2.250000000000000     
    2.260000000000000     
    2.270000000000000     
    2.280000000000000     
    2.290000000000000     
    2.300000000000000     
    2.310000000000000     
    2.320000000000000     
    2.330000000000000     
    2.340000000000000     
    2.350000000000001     
    2.360000000000000     
    2.370000000000000     
    2.380000000000000     
    2.390000000000001     
    2.400000000000000     
    2.410000000000000     
    2.420000000000000     
    2.430000000000001     
    2.440000000000000     
    2.450000000000000     
    2.460000000000000     
    2.470000000000000     
    2.480000000000000     
    2.490000000000000     
    2.500000000000000     
    2.510000000000000     
    2.520000000000000     
    2.529999999999999     
    2.540000000000001     
    2.550000000000001     
    2.560000000000000     
    2.570000000000000     
    2.580000000000000     
    2.590000000000000     
    2.600000000000000     
    2.609999999999999     
    2.620000000000001     
    2.630000000000001     
    2.640000000000001     
    2.650000000000000     
    2.660000000000000     
    2.670000000000000     
    2.680000000000000     
    2.690000000000000     
    2.699999999999999     
    2.710000000000001     
    2.720000000000001     
    2.730000000000000     
    2.740000000000000     
    2.750000000000000     
    2.760000000000000     
    2.770000000000000     
    2.779999999999999     
    2.790000000000001     
    2.800000000000001     
    2.810000000000000     
    2.820000000000000     
    2.830000000000000     
    2.840000000000000     
    2.850000000000000     
    2.859999999999999     
    2.870000000000001     
    2.880000000000001     
    2.890000000000001     
    2.900000000000000     
    2.910000000000000     
    2.920000000000000     
    2.930000000000000     
    2.940000000000000     
    2.949999999999999     
    2.960000000000001     
    2.970000000000001     
    2.980000000000000     
    2.990000000000000     
    3.000000000000000     
    3.010000000000000     
    3.020000000000000     
    3.029999999999999     
    3.040000000000001     
    3.050000000000001     
    3.060000000000000     
    3.070000000000000     
    3.080000000000000     
    3.090000000000000     
    3.100000000000000     
    3.109999999999999     
    3.120000000000001     
    3.130000000000001     
    3.140000000000001     
    3.150000000000000     
    3.160000000000000     
    3.170000000000000     
    3.180000000000000     
    3.190000000000000     
    3.200000000000001     
    3.210000000000001     
    3.220000000000001     
    3.230000000000000     
    3.240000000000000     
    3.250000000000000     
    3.260000000000000     
    3.270000000000000     
    3.279999999999999     
    3.290000000000001     
    3.300000000000001     
    3.310000000000000     
    3.320000000000000     
    3.330000000000000     
    3.340000000000000     
    3.350000000000000     
    3.359999999999999     
    3.370000000000001     
    3.380000000000001     
    3.390000000000001     
    3.400000000000000     
    3.410000000000000     
    3.420000000000000     
    3.430000000000000     
    3.440000000000000     
    3.450000000000001     
    3.460000000000001     
    3.470000000000001     
    3.480000000000000     
    3.490000000000000     
    3.500000000000000     
    3.510000000000000     
    3.520000000000000     
    3.529999999999999     
    3.540000000000001     
    3.550000000000001     
    3.560000000000000     
    3.570000000000000     
    3.580000000000000     
    3.590000000000000     
    3.600000000000000     
    3.609999999999999     
    3.620000000000001     
    3.630000000000001     
    3.640000000000001     
    3.650000000000000     
    3.660000000000000     
    3.670000000000000     
    3.680000000000000     
    3.690000000000000     
    3.700000000000001     
    3.710000000000001     
    3.720000000000001     
    3.730000000000000     
    3.740000000000000     
    3.750000000000000     
    3.760000000000000     
    3.770000000000000     
    3.779999999999999     
    3.790000000000001     
    3.800000000000001     
    3.810000000000000     
    3.820000000000000     
    3.830000000000000     
    3.840000000000000     
    3.850000000000000     
    3.859999999999999     
    3.870000000000001     
    3.880000000000001     
    3.890000000000001     
    3.900000000000000     
    3.910000000000000     
    3.920000000000000     
    3.930000000000000     
    3.940000000000000     
    3.950000000000001     
    3.960000000000001     
    3.970000000000001     
    3.980000000000000     
    3.990000000000000     
    4.000000000000000     
    4.010000000000000     
    4.020000000000000     
    4.029999999999999     
    4.040000000000001     
    4.050000000000001     
    4.060000000000000     
    4.070000000000000     
    4.080000000000000     
    4.090000000000000     
    4.100000000000000     
    4.109999999999999     
    4.120000000000001     
    4.130000000000001     
    4.140000000000001     
    4.150000000000000     
    4.160000000000000     
    4.170000000000000     
    4.180000000000000     
    4.190000000000000     
    4.200000000000001     
    4.210000000000001     
    4.220000000000001     
    4.230000000000000     
    4.240000000000000     
    4.250000000000000     
    4.260000000000000     
    4.270000000000000     
    4.279999999999999     
    4.290000000000001     
    4.300000000000001     
    4.310000000000000     
    4.320000000000000     
    4.330000000000000     
    4.340000000000000     
    4.350000000000000     
    4.359999999999999     
    4.370000000000001     
    4.380000000000001     
    4.390000000000001     
    4.400000000000000     
    4.410000000000000     
    4.420000000000000     
    4.430000000000000     
    4.440000000000000     
    4.450000000000001     
    4.460000000000001     
    4.470000000000001     
    4.480000000000000     
    4.490000000000000     
    4.500000000000000     
    4.510000000000000     
    4.520000000000000     
    4.529999999999999     
    4.540000000000001     
    4.550000000000001     
    4.560000000000000     
    4.570000000000000     
    4.580000000000000     
    4.590000000000000     
    4.600000000000000     
    4.609999999999999     
    4.620000000000001     
    4.630000000000001     
    4.640000000000001     
    4.650000000000000     
    4.660000000000000     
    4.670000000000000     
    4.680000000000000     
    4.690000000000000     
    4.700000000000001     
    4.710000000000001     
    4.720000000000001     
    4.730000000000000     
    4.740000000000000     
    4.750000000000000     
    4.760000000000000     
    4.770000000000000     
    4.779999999999999     
    4.790000000000001     
    4.800000000000001     
    4.810000000000000     
    4.820000000000000     
    4.830000000000000     
    4.840000000000000     
    4.850000000000000     
    4.859999999999999     
    4.870000000000001     
    4.880000000000001     
    4.890000000000001     
    4.900000000000000     
    4.910000000000000     
    4.920000000000000     
    4.930000000000000     
    4.940000000000000     
    4.950000000000001     
    4.960000000000001     
    4.970000000000001     
    4.980000000000000     
    4.990000000000000     
    5.000000000000000     
    5.010000000000000     
    5.020000000000000     
    5.029999999999999     
    5.040000000000001     
    5.050000000000001     
    5.060000000000000     
    5.070000000000000     
    5.080000000000000     
    5.090000000000000     
    5.100000000000000     
    5.109999999999999     
    5.120000000000001     
    5.130000000000001     
    5.140000000000001     
    5.150000000000000     
    5.160000000000000     
    5.170000000000000     
    5.180000000000000     
    5.190000000000000     
    5.200000000000001     
    5.210000000000001     
    5.220000000000001     
    5.230000000000000     
    5.240000000000000     
    5.250000000000000     
    5.260000000000000     
    5.270000000000000     
    5.279999999999999     
    5.290000000000001     
    5.300000000000001     
    5.310000000000000     
    5.320000000000000     
    5.330000000000000     
    5.340000000000000     
    5.350000000000000     
    5.359999999999999     
    5.370000000000001     
    5.380000000000001     
    5.390000000000001     
    5.400000000000000     
    5.410000000000000     
    5.420000000000000     
    5.430000000000000     
    5.440000000000000     
    5.450000000000001     
    5.460000000000001     
    5.470000000000001     
    5.480000000000000     
    5.490000000000000     
    5.500000000000000     
