   -1.886984642521626        -1.480661437649646       -0.5330932532226870      
  -0.4300505995189493       -8.7807408387985772E-002  -5.2593383799344015E-002 
  -1.0658012206993724E-002  -9.4792671063665089E-003  -1.7513112805011698E-003 
  -4.4718698445232671E-003  -1.6884561792889275E-004  -3.1746159519870291E-003 
   3.7092513619454314E-004  -2.4891913316612713E-003   6.0678338936746281E-004
   -1.480661437649646         1.612865913378116        -1.254972367629429      
   0.2248402635000337       -0.2213989216016257        2.1772875993254982E-002 
  -2.4564751935808971E-002   1.6969277296307904E-003  -4.9524374792176366E-003 
   2.4992262980295314E-004  -2.2948407526915777E-003   1.0931382539839876E-004 
  -1.4050510224620733E-003   5.7876644419523094E-005  -9.3046016261085786E-004
  -0.5330932532226871        -1.254972367629429       -0.2268074709131472      
   -1.851794425016044       -4.4895610224147800E-002  -0.2343611879952496      
  -9.3689447350690132E-003  -2.8672911171284933E-002  -2.7921248893431607E-003 
  -8.1602330726435572E-003  -1.0997769318601379E-003  -4.3898531080044960E-003 
  -4.8908928355255693E-004  -2.8632358959642412E-003  -2.0866377058550802E-004
  -0.4300505995189493        0.2248402635000338        -1.851794425016044      
   7.5230765351399717E-004   -1.991419120510551       -1.0826585023962946E-002 
  -0.2173522162369368       -6.9150583417977836E-003  -3.1236881880834476E-002 
  -2.6567013434533183E-003  -1.1079680347830863E-002  -1.0904538466168065E-003 
  -6.2534057347984643E-003  -4.7580566548190996E-004  -4.0924956129406685E-003
  -8.7807408387985772E-002  -0.2213989216016258       -4.4895610224147800E-002 
   -1.991419120510551       -2.8784669463827038E-002   -2.106549418504108      
  -1.5127352520242044E-002  -0.2133273340940080       -8.1064916638302845E-003 
  -3.6551724139412545E-002  -3.0012844484326108E-003  -1.4688069202294780E-002 
  -1.2422154098383504E-003  -8.4388612137033837E-003  -5.4597734531127871E-004
  -5.2593383799343932E-002   2.1772875993254986E-002  -0.2343611879952494      
  -1.0826585023962939E-002   -2.106549418504108       -4.2773818547528616E-003 
   -2.183637232972064       -1.4719041456986982E-002  -0.2148850473716396      
  -8.1895577043879144E-003  -4.3288817645175705E-002  -2.9928570026377687E-003 
  -1.8718925197444326E-002  -1.2287613320166341E-003  -1.0853754977494488E-002
  -1.0658012206993689E-002  -2.4564751935808989E-002  -9.3689447350689993E-003 
  -0.2173522162369368       -1.5127352520242030E-002   -2.183637232972064      
   1.5418629064072962E-002   -2.233023082121889       -1.4113969951235057E-002 
  -0.2193235797014048       -7.6838772729854584E-003  -5.0288053920483002E-002 
  -2.7944466060849287E-003  -2.2691584609730826E-002  -1.1454109828361923E-003
  -9.4792671063664794E-003   1.6969277296306517E-003  -2.8672911171284947E-002 
  -6.9150583417978357E-003  -0.2133273340940080       -1.4719041456986982E-002 
   -2.233023082121889        3.0477265725715141E-002   -2.261049693903183      
  -1.2707749147094695E-002  -0.2246619792371756       -6.7492497903236942E-003 
  -5.6788177806865327E-002  -2.4575419910736157E-003  -2.6312745379951860E-002
  -1.7513112805011151E-003  -4.9524374792177207E-003  -2.7921248893431313E-003 
  -3.1236881880834531E-002  -8.1064916638303106E-003  -0.2148850473716397      
  -1.4113969951235105E-002   -2.261049693903183        3.8475872182049835E-002 
   -2.274266251954667       -1.0873509541195257E-002  -0.2296803889273768      
  -5.6723412857614865E-003  -6.2392971020004927E-002  -2.0706034016990359E-003
  -4.4718698445232992E-003   2.4992262980301044E-004  -8.1602330726435277E-003 
  -2.6567013434531709E-003  -3.6551724139412559E-002  -8.1895577043878988E-003 
  -0.2193235797014048       -1.2707749147094806E-002   -2.274266251954667      
   4.0515947785142337E-002   -2.278388882799197       -9.0519416451367903E-003 
  -0.2338157118130253       -4.6662760397879156E-003  -6.6979254348113360E-002
  -1.6884561792882157E-004  -2.2948407526915500E-003  -1.0997769318601795E-003 
  -1.1079680347830863E-002  -3.0012844484326117E-003  -4.3288817645175760E-002 
  -7.6838772729854463E-003  -0.2246619792371755       -1.0873509541195250E-002 
   -2.278388882799197        3.8898031197052131E-002   -2.277606555917790      
  -7.4873089620271895E-003  -0.2370129874761527       -3.8271839648602942E-003
  -3.1746159519871393E-003   1.0931382539837176E-004  -4.3898531080044422E-003 
  -1.0904538466168273E-003  -1.4688069202294778E-002  -2.9928570026377679E-003 
  -5.0288053920483057E-002  -6.7492497903236942E-003  -0.2296803889273768      
  -9.0519416451368528E-003   -2.277606555917790        3.5616810909084480E-002 
   -2.274540225651552       -6.2076603375195915E-003  -0.2393919516108747     
   3.7092513619451452E-004  -1.4050510224620522E-003  -4.8908928355254414E-004 
  -6.2534057347984661E-003  -1.2422154098385456E-003  -1.8718925197444353E-002 
  -2.7944466060848519E-003  -5.6788177806865382E-002  -5.6723412857615976E-003 
  -0.2338157118130251       -7.4873089620270819E-003   -2.274540225651552      
   3.1907684602485546E-002   -2.270674283470287       -5.1869932175115218E-003
  -2.4891913316612657E-003   5.7876644419496185E-005  -2.8632358959642542E-003 
  -4.7580566548190986E-004  -8.4388612137033837E-003  -1.2287613320165803E-003 
  -2.2691584609730964E-002  -2.4575419910734838E-003  -6.2392971020004954E-002 
  -4.6662760397879095E-003  -0.2370129874761528       -6.2076603375195846E-003 
   -2.270674283470287        2.8359748994788748E-002   -2.266715181159047     
   6.0678338936747008E-004  -9.3046016261087044E-004  -2.0866377058561861E-004 
  -4.0924956129407171E-003  -5.4597734531124792E-004  -1.0853754977494577E-002 
  -1.1454109828361958E-003  -2.6312745379951860E-002  -2.0706034016989799E-003 
  -6.6979254348113262E-002  -3.8271839648602386E-003  -0.2393919516108747      
  -5.1869932175115253E-003   -2.266715181159048        2.5208971376804667E-002
